coluna;data;fonte
Abertura;02/01/2018;Cotações
Abertura;03/01/2018;Cotações
Abertura;04/01/2018;Cotações
Abertura;05/01/2018;Cotações
Abertura;08/01/2018;Cotações
Abertura;09/01/2018;Cotações
Abertura;10/01/2018;Cotações
Abertura;11/01/2018;Cotações
Abertura;12/01/2018;Cotações
Abertura;15/01/2018;Cotações
Abertura;16/01/2018;Cotações
Abertura;17/01/2018;Cotações
Abertura;18/01/2018;Cotações
Abertura;19/01/2018;Cotações
Abertura;22/01/2018;Cotações
Abertura;23/01/2018;Cotações
Abertura;24/01/2018;Cotações
Abertura;26/01/2018;Cotações
Abertura;29/01/2018;Cotações
Abertura;30/01/2018;Cotações
Abertura;31/01/2018;Cotações
Abertura;01/02/2018;Cotações
Abertura;02/02/2018;Cotações
Abertura;05/02/2018;Cotações
Abertura;06/02/2018;Cotações
Abertura;07/02/2018;Cotações
Abertura;08/02/2018;Cotações
Abertura;09/02/2018;Cotações
Abertura;14/02/2018;Cotações
Abertura;15/02/2018;Cotações
Abertura;16/02/2018;Cotações
Abertura;19/02/2018;Cotações
Abertura;20/02/2018;Cotações
Abertura;21/02/2018;Cotações
Abertura;22/02/2018;Cotações
Abertura;23/02/2018;Cotações
Abertura;26/02/2018;Cotações
Abertura;27/02/2018;Cotações
Abertura;28/02/2018;Cotações
Abertura;01/03/2018;Cotações
Abertura;02/03/2018;Cotações
Abertura;05/03/2018;Cotações
Abertura;06/03/2018;Cotações
Abertura;07/03/2018;Cotações
Abertura;08/03/2018;Cotações
Abertura;09/03/2018;Cotações
Abertura;12/03/2018;Cotações
Abertura;13/03/2018;Cotações
Abertura;14/03/2018;Cotações
Abertura;15/03/2018;Cotações
Abertura;16/03/2018;Cotações
Abertura;19/03/2018;Cotações
Abertura;20/03/2018;Cotações
Abertura;21/03/2018;Cotações
Abertura;22/03/2018;Cotações
Abertura;23/03/2018;Cotações
Abertura;26/03/2018;Cotações
Abertura;27/03/2018;Cotações
Abertura;28/03/2018;Cotações
Abertura;29/03/2018;Cotações
Abertura;02/04/2018;Cotações
Abertura;03/04/2018;Cotações
Abertura;04/04/2018;Cotações
Abertura;05/04/2018;Cotações
Abertura;06/04/2018;Cotações
Abertura;09/04/2018;Cotações
Abertura;10/04/2018;Cotações
Abertura;11/04/2018;Cotações
Abertura;12/04/2018;Cotações
Abertura;13/04/2018;Cotações
Abertura;16/04/2018;Cotações
Abertura;17/04/2018;Cotações
Abertura;18/04/2018;Cotações
Abertura;19/04/2018;Cotações
Abertura;20/04/2018;Cotações
Abertura;23/04/2018;Cotações
Abertura;24/04/2018;Cotações
Abertura;25/04/2018;Cotações
Abertura;26/04/2018;Cotações
Abertura;27/04/2018;Cotações
Abertura;30/04/2018;Cotações
Abertura;02/05/2018;Cotações
Abertura;03/05/2018;Cotações
Abertura;04/05/2018;Cotações
Abertura;07/05/2018;Cotações
Abertura;08/05/2018;Cotações
Abertura;09/05/2018;Cotações
Abertura;10/05/2018;Cotações
Abertura;11/05/2018;Cotações
Abertura;14/05/2018;Cotações
Abertura;15/05/2018;Cotações
Abertura;16/05/2018;Cotações
Abertura;17/05/2018;Cotações
Abertura;18/05/2018;Cotações
Abertura;21/05/2018;Cotações
Abertura;22/05/2018;Cotações
Abertura;23/05/2018;Cotações
Abertura;24/05/2018;Cotações
Abertura;25/05/2018;Cotações
Abertura;28/05/2018;Cotações
Abertura;29/05/2018;Cotações
Abertura;30/05/2018;Cotações
Abertura;01/06/2018;Cotações
Abertura;04/06/2018;Cotações
Abertura;05/06/2018;Cotações
Abertura;06/06/2018;Cotações
Abertura;07/06/2018;Cotações
Abertura;08/06/2018;Cotações
Abertura;11/06/2018;Cotações
Abertura;12/06/2018;Cotações
Abertura;13/06/2018;Cotações
Abertura;14/06/2018;Cotações
Abertura;15/06/2018;Cotações
Abertura;18/06/2018;Cotações
Abertura;19/06/2018;Cotações
Abertura;20/06/2018;Cotações
Abertura;21/06/2018;Cotações
Abertura;22/06/2018;Cotações
Abertura;25/06/2018;Cotações
Abertura;26/06/2018;Cotações
Abertura;27/06/2018;Cotações
Abertura;28/06/2018;Cotações
Abertura;29/06/2018;Cotações
Abertura;02/07/2018;Cotações
Abertura;03/07/2018;Cotações
Abertura;04/07/2018;Cotações
Abertura;05/07/2018;Cotações
Abertura;06/07/2018;Cotações
Abertura;10/07/2018;Cotações
Abertura;11/07/2018;Cotações
Abertura;12/07/2018;Cotações
Abertura;13/07/2018;Cotações
Abertura;16/07/2018;Cotações
Abertura;17/07/2018;Cotações
Abertura;18/07/2018;Cotações
Abertura;19/07/2018;Cotações
Abertura;20/07/2018;Cotações
Abertura;23/07/2018;Cotações
Abertura;24/07/2018;Cotações
Abertura;25/07/2018;Cotações
Abertura;26/07/2018;Cotações
Abertura;27/07/2018;Cotações
Abertura;30/07/2018;Cotações
Abertura;31/07/2018;Cotações
Abertura;01/08/2018;Cotações
Abertura;02/08/2018;Cotações
Abertura;03/08/2018;Cotações
Abertura;06/08/2018;Cotações
Abertura;07/08/2018;Cotações
Abertura;08/08/2018;Cotações
Abertura;09/08/2018;Cotações
Abertura;10/08/2018;Cotações
Abertura;13/08/2018;Cotações
Abertura;14/08/2018;Cotações
Abertura;15/08/2018;Cotações
Abertura;16/08/2018;Cotações
Abertura;17/08/2018;Cotações
Abertura;20/08/2018;Cotações
Abertura;21/08/2018;Cotações
Abertura;22/08/2018;Cotações
Abertura;23/08/2018;Cotações
Abertura;24/08/2018;Cotações
Abertura;27/08/2018;Cotações
Abertura;28/08/2018;Cotações
Abertura;29/08/2018;Cotações
Abertura;30/08/2018;Cotações
Abertura;31/08/2018;Cotações
Abertura;03/09/2018;Cotações
Abertura;04/09/2018;Cotações
Abertura;05/09/2018;Cotações
Abertura;06/09/2018;Cotações
Abertura;10/09/2018;Cotações
Abertura;11/09/2018;Cotações
Abertura;12/09/2018;Cotações
Abertura;13/09/2018;Cotações
Abertura;14/09/2018;Cotações
Abertura;17/09/2018;Cotações
Abertura;18/09/2018;Cotações
Abertura;19/09/2018;Cotações
Abertura;20/09/2018;Cotações
Abertura;21/09/2018;Cotações
Abertura;24/09/2018;Cotações
Abertura;25/09/2018;Cotações
Abertura;26/09/2018;Cotações
Abertura;27/09/2018;Cotações
Abertura;28/09/2018;Cotações
Abertura;01/10/2018;Cotações
Abertura;02/10/2018;Cotações
Abertura;03/10/2018;Cotações
Abertura;04/10/2018;Cotações
Abertura;05/10/2018;Cotações
Abertura;08/10/2018;Cotações
Abertura;09/10/2018;Cotações
Abertura;10/10/2018;Cotações
Abertura;11/10/2018;Cotações
Abertura;15/10/2018;Cotações
Abertura;16/10/2018;Cotações
Abertura;17/10/2018;Cotações
Abertura;18/10/2018;Cotações
Abertura;19/10/2018;Cotações
Abertura;22/10/2018;Cotações
Abertura;23/10/2018;Cotações
Abertura;24/10/2018;Cotações
Abertura;25/10/2018;Cotações
Abertura;26/10/2018;Cotações
Abertura;29/10/2018;Cotações
Abertura;30/10/2018;Cotações
Abertura;31/10/2018;Cotações
Abertura;01/11/2018;Cotações
Abertura;05/11/2018;Cotações
Abertura;06/11/2018;Cotações
Abertura;07/11/2018;Cotações
Abertura;08/11/2018;Cotações
Abertura;09/11/2018;Cotações
Abertura;12/11/2018;Cotações
Abertura;13/11/2018;Cotações
Abertura;14/11/2018;Cotações
Abertura;16/11/2018;Cotações
Abertura;19/11/2018;Cotações
Abertura;21/11/2018;Cotações
Abertura;22/11/2018;Cotações
Abertura;23/11/2018;Cotações
Abertura;26/11/2018;Cotações
Abertura;27/11/2018;Cotações
Abertura;28/11/2018;Cotações
Abertura;29/11/2018;Cotações
Abertura;30/11/2018;Cotações
Abertura;03/12/2018;Cotações
Abertura;04/12/2018;Cotações
Abertura;05/12/2018;Cotações
Abertura;06/12/2018;Cotações
Abertura;07/12/2018;Cotações
Abertura;10/12/2018;Cotações
Abertura;11/12/2018;Cotações
Abertura;12/12/2018;Cotações
Abertura;13/12/2018;Cotações
Abertura;14/12/2018;Cotações
Abertura;17/12/2018;Cotações
Abertura;18/12/2018;Cotações
Abertura;19/12/2018;Cotações
Abertura;20/12/2018;Cotações
Abertura;21/12/2018;Cotações
Abertura;26/12/2018;Cotações
Abertura;27/12/2018;Cotações
Abertura;28/12/2018;Cotações
Abertura;02/01/2019;Cotações
Abertura;03/01/2019;Cotações
Abertura;04/01/2019;Cotações
Abertura;07/01/2019;Cotações
Abertura;08/01/2019;Cotações
Abertura;09/01/2019;Cotações
Abertura;10/01/2019;Cotações
Abertura;11/01/2019;Cotações
Abertura;14/01/2019;Cotações
Abertura;15/01/2019;Cotações
Abertura;16/01/2019;Cotações
Abertura;17/01/2019;Cotações
Abertura;18/01/2019;Cotações
Abertura;21/01/2019;Cotações
Abertura;22/01/2019;Cotações
Abertura;23/01/2019;Cotações
Abertura;24/01/2019;Cotações
Abertura;28/01/2019;Cotações
Abertura;29/01/2019;Cotações
Abertura;30/01/2019;Cotações
Abertura;31/01/2019;Cotações
Abertura;01/02/2019;Cotações
Abertura;04/02/2019;Cotações
Abertura;05/02/2019;Cotações
Abertura;06/02/2019;Cotações
Abertura;07/02/2019;Cotações
Abertura;08/02/2019;Cotações
Abertura;11/02/2019;Cotações
Abertura;12/02/2019;Cotações
Abertura;13/02/2019;Cotações
Abertura;14/02/2019;Cotações
Abertura;15/02/2019;Cotações
Abertura;18/02/2019;Cotações
Abertura;19/02/2019;Cotações
Abertura;20/02/2019;Cotações
Abertura;21/02/2019;Cotações
Abertura;22/02/2019;Cotações
Abertura;25/02/2019;Cotações
Abertura;26/02/2019;Cotações
Abertura;27/02/2019;Cotações
Abertura;28/02/2019;Cotações
Abertura;01/03/2019;Cotações
Abertura;06/03/2019;Cotações
Abertura;07/03/2019;Cotações
Abertura;08/03/2019;Cotações
Abertura;11/03/2019;Cotações
Abertura;12/03/2019;Cotações
Abertura;13/03/2019;Cotações
Abertura;14/03/2019;Cotações
Abertura;15/03/2019;Cotações
Abertura;18/03/2019;Cotações
Abertura;19/03/2019;Cotações
Abertura;20/03/2019;Cotações
Abertura;21/03/2019;Cotações
Abertura;22/03/2019;Cotações
Abertura;25/03/2019;Cotações
Abertura;26/03/2019;Cotações
Abertura;27/03/2019;Cotações
Abertura;28/03/2019;Cotações
Abertura;29/03/2019;Cotações
Abertura;01/04/2019;Cotações
Abertura;02/04/2019;Cotações
Abertura;03/04/2019;Cotações
Abertura;04/04/2019;Cotações
Abertura;05/04/2019;Cotações
Abertura;08/04/2019;Cotações
Abertura;09/04/2019;Cotações
Abertura;10/04/2019;Cotações
Abertura;11/04/2019;Cotações
Abertura;12/04/2019;Cotações
Abertura;15/04/2019;Cotações
Abertura;16/04/2019;Cotações
Abertura;17/04/2019;Cotações
Abertura;18/04/2019;Cotações
Abertura;22/04/2019;Cotações
Abertura;23/04/2019;Cotações
Abertura;24/04/2019;Cotações
Abertura;25/04/2019;Cotações
Abertura;26/04/2019;Cotações
Abertura;29/04/2019;Cotações
Abertura;30/04/2019;Cotações
Abertura;02/05/2019;Cotações
Abertura;03/05/2019;Cotações
Abertura;06/05/2019;Cotações
Abertura;07/05/2019;Cotações
Abertura;08/05/2019;Cotações
Abertura;09/05/2019;Cotações
Abertura;10/05/2019;Cotações
Abertura;13/05/2019;Cotações
Abertura;14/05/2019;Cotações
Abertura;15/05/2019;Cotações
Abertura;16/05/2019;Cotações
Abertura;17/05/2019;Cotações
Abertura;20/05/2019;Cotações
Abertura;21/05/2019;Cotações
Abertura;22/05/2019;Cotações
Abertura;23/05/2019;Cotações
Abertura;24/05/2019;Cotações
Abertura;27/05/2019;Cotações
Abertura;28/05/2019;Cotações
Abertura;29/05/2019;Cotações
Abertura;30/05/2019;Cotações
Abertura;31/05/2019;Cotações
Abertura;03/06/2019;Cotações
Abertura;04/06/2019;Cotações
Abertura;05/06/2019;Cotações
Abertura;06/06/2019;Cotações
Abertura;07/06/2019;Cotações
Abertura;10/06/2019;Cotações
Abertura;11/06/2019;Cotações
Abertura;12/06/2019;Cotações
Abertura;13/06/2019;Cotações
Abertura;14/06/2019;Cotações
Abertura;17/06/2019;Cotações
Abertura;18/06/2019;Cotações
Abertura;19/06/2019;Cotações
Abertura;21/06/2019;Cotações
Abertura;24/06/2019;Cotações
Abertura;25/06/2019;Cotações
Abertura;26/06/2019;Cotações
Abertura;27/06/2019;Cotações
Abertura;28/06/2019;Cotações
Abertura;01/07/2019;Cotações
Abertura;02/07/2019;Cotações
Abertura;03/07/2019;Cotações
Abertura;04/07/2019;Cotações
Abertura;05/07/2019;Cotações
Abertura;08/07/2019;Cotações
Abertura;10/07/2019;Cotações
Abertura;11/07/2019;Cotações
Abertura;12/07/2019;Cotações
Abertura;15/07/2019;Cotações
Abertura;16/07/2019;Cotações
Abertura;17/07/2019;Cotações
Abertura;18/07/2019;Cotações
Abertura;19/07/2019;Cotações
Abertura;22/07/2019;Cotações
Abertura;23/07/2019;Cotações
Abertura;24/07/2019;Cotações
Abertura;25/07/2019;Cotações
Abertura;26/07/2019;Cotações
Abertura;29/07/2019;Cotações
Abertura;30/07/2019;Cotações
Abertura;31/07/2019;Cotações
Abertura;01/08/2019;Cotações
Abertura;02/08/2019;Cotações
Abertura;05/08/2019;Cotações
Abertura;06/08/2019;Cotações
Abertura;07/08/2019;Cotações
Abertura;08/08/2019;Cotações
Abertura;09/08/2019;Cotações
Abertura;12/08/2019;Cotações
Abertura;13/08/2019;Cotações
Abertura;14/08/2019;Cotações
Abertura;15/08/2019;Cotações
Abertura;16/08/2019;Cotações
Abertura;19/08/2019;Cotações
Abertura;20/08/2019;Cotações
Abertura;21/08/2019;Cotações
Abertura;22/08/2019;Cotações
Abertura;23/08/2019;Cotações
Abertura;26/08/2019;Cotações
Abertura;27/08/2019;Cotações
Abertura;28/08/2019;Cotações
Abertura;29/08/2019;Cotações
Abertura;30/08/2019;Cotações
Abertura;02/09/2019;Cotações
Abertura;03/09/2019;Cotações
Abertura;04/09/2019;Cotações
Abertura;05/09/2019;Cotações
Abertura;06/09/2019;Cotações
Abertura;09/09/2019;Cotações
Abertura;10/09/2019;Cotações
Abertura;11/09/2019;Cotações
Abertura;12/09/2019;Cotações
Abertura;13/09/2019;Cotações
Abertura;16/09/2019;Cotações
Abertura;17/09/2019;Cotações
Abertura;18/09/2019;Cotações
Abertura;19/09/2019;Cotações
Abertura;20/09/2019;Cotações
Abertura;23/09/2019;Cotações
Abertura;24/09/2019;Cotações
Abertura;25/09/2019;Cotações
Abertura;26/09/2019;Cotações
Abertura;27/09/2019;Cotações
Abertura;30/09/2019;Cotações
Abertura;01/10/2019;Cotações
Abertura;02/10/2019;Cotações
Abertura;03/10/2019;Cotações
Abertura;04/10/2019;Cotações
Abertura;07/10/2019;Cotações
Abertura;08/10/2019;Cotações
Abertura;09/10/2019;Cotações
Abertura;10/10/2019;Cotações
Abertura;11/10/2019;Cotações
Abertura;14/10/2019;Cotações
Abertura;15/10/2019;Cotações
Abertura;16/10/2019;Cotações
Abertura;17/10/2019;Cotações
Abertura;18/10/2019;Cotações
Abertura;21/10/2019;Cotações
Abertura;22/10/2019;Cotações
Abertura;23/10/2019;Cotações
Abertura;24/10/2019;Cotações
Abertura;25/10/2019;Cotações
Abertura;28/10/2019;Cotações
Abertura;29/10/2019;Cotações
Abertura;30/10/2019;Cotações
Abertura;31/10/2019;Cotações
Abertura;01/11/2019;Cotações
Abertura;04/11/2019;Cotações
Abertura;05/11/2019;Cotações
Abertura;06/11/2019;Cotações
Abertura;07/11/2019;Cotações
Abertura;08/11/2019;Cotações
Abertura;11/11/2019;Cotações
Abertura;12/11/2019;Cotações
Abertura;13/11/2019;Cotações
Abertura;14/11/2019;Cotações
Abertura;18/11/2019;Cotações
Abertura;19/11/2019;Cotações
Abertura;21/11/2019;Cotações
Abertura;22/11/2019;Cotações
Abertura;25/11/2019;Cotações
Abertura;26/11/2019;Cotações
Abertura;27/11/2019;Cotações
Abertura;28/11/2019;Cotações
Abertura;29/11/2019;Cotações
Abertura;02/12/2019;Cotações
Abertura;03/12/2019;Cotações
Abertura;04/12/2019;Cotações
Abertura;05/12/2019;Cotações
Abertura;06/12/2019;Cotações
Abertura;09/12/2019;Cotações
Abertura;10/12/2019;Cotações
Abertura;11/12/2019;Cotações
Abertura;12/12/2019;Cotações
Abertura;13/12/2019;Cotações
Abertura;16/12/2019;Cotações
Abertura;17/12/2019;Cotações
Abertura;18/12/2019;Cotações
Abertura;19/12/2019;Cotações
Abertura;20/12/2019;Cotações
Abertura;23/12/2019;Cotações
Abertura;26/12/2019;Cotações
Abertura;27/12/2019;Cotações
Abertura;30/12/2019;Cotações
Abertura;02/01/2020;Cotações
Abertura;03/01/2020;Cotações
Abertura;06/01/2020;Cotações
Abertura;07/01/2020;Cotações
Abertura;08/01/2020;Cotações
Abertura;09/01/2020;Cotações
Abertura;10/01/2020;Cotações
Abertura;13/01/2020;Cotações
Abertura;14/01/2020;Cotações
Abertura;15/01/2020;Cotações
Abertura;16/01/2020;Cotações
Abertura;17/01/2020;Cotações
Abertura;20/01/2020;Cotações
Abertura;21/01/2020;Cotações
Abertura;22/01/2020;Cotações
Abertura;23/01/2020;Cotações
Abertura;24/01/2020;Cotações
Abertura;27/01/2020;Cotações
Abertura;28/01/2020;Cotações
Abertura;29/01/2020;Cotações
Abertura;30/01/2020;Cotações
Abertura;31/01/2020;Cotações
Abertura;03/02/2020;Cotações
Abertura;04/02/2020;Cotações
Abertura;05/02/2020;Cotações
Abertura;06/02/2020;Cotações
Abertura;07/02/2020;Cotações
Abertura;10/02/2020;Cotações
Abertura;11/02/2020;Cotações
Abertura;12/02/2020;Cotações
Abertura;13/02/2020;Cotações
Abertura;14/02/2020;Cotações
Abertura;17/02/2020;Cotações
Abertura;18/02/2020;Cotações
Abertura;19/02/2020;Cotações
Abertura;20/02/2020;Cotações
Abertura;21/02/2020;Cotações
Abertura;26/02/2020;Cotações
Abertura;27/02/2020;Cotações
Abertura;28/02/2020;Cotações
Abertura;02/03/2020;Cotações
Abertura;03/03/2020;Cotações
Abertura;04/03/2020;Cotações
Abertura;05/03/2020;Cotações
Abertura;06/03/2020;Cotações
Abertura;09/03/2020;Cotações
Abertura;10/03/2020;Cotações
Abertura;11/03/2020;Cotações
Abertura;12/03/2020;Cotações
Abertura;13/03/2020;Cotações
Abertura;16/03/2020;Cotações
Abertura;17/03/2020;Cotações
Abertura;18/03/2020;Cotações
Abertura;19/03/2020;Cotações
Abertura;20/03/2020;Cotações
Abertura;23/03/2020;Cotações
Abertura;24/03/2020;Cotações
Abertura;25/03/2020;Cotações
Abertura;26/03/2020;Cotações
Abertura;27/03/2020;Cotações
Abertura;30/03/2020;Cotações
Abertura;31/03/2020;Cotações
Abertura;01/04/2020;Cotações
Abertura;02/04/2020;Cotações
Abertura;03/04/2020;Cotações
Abertura;06/04/2020;Cotações
Abertura;07/04/2020;Cotações
Abertura;08/04/2020;Cotações
Abertura;09/04/2020;Cotações
Abertura;13/04/2020;Cotações
Abertura;14/04/2020;Cotações
Abertura;15/04/2020;Cotações
Abertura;16/04/2020;Cotações
Abertura;17/04/2020;Cotações
Abertura;20/04/2020;Cotações
Abertura;22/04/2020;Cotações
Abertura;23/04/2020;Cotações
Abertura;24/04/2020;Cotações
Abertura;27/04/2020;Cotações
Abertura;28/04/2020;Cotações
Abertura;29/04/2020;Cotações
Abertura;30/04/2020;Cotações
Abertura;04/05/2020;Cotações
Abertura;05/05/2020;Cotações
Abertura;06/05/2020;Cotações
Abertura;07/05/2020;Cotações
Abertura;08/05/2020;Cotações
Abertura;11/05/2020;Cotações
Abertura;12/05/2020;Cotações
Abertura;13/05/2020;Cotações
Abertura;14/05/2020;Cotações
Abertura;15/05/2020;Cotações
Abertura;18/05/2020;Cotações
Abertura;19/05/2020;Cotações
Abertura;20/05/2020;Cotações
Abertura;21/05/2020;Cotações
Abertura;22/05/2020;Cotações
Abertura;25/05/2020;Cotações
Abertura;26/05/2020;Cotações
Abertura;27/05/2020;Cotações
Abertura;28/05/2020;Cotações
Abertura;29/05/2020;Cotações
Abertura;01/06/2020;Cotações
Abertura;02/06/2020;Cotações
Abertura;03/06/2020;Cotações
Abertura;04/06/2020;Cotações
Abertura;05/06/2020;Cotações
Abertura;08/06/2020;Cotações
Abertura;09/06/2020;Cotações
Abertura;10/06/2020;Cotações
Abertura;12/06/2020;Cotações
Abertura;15/06/2020;Cotações
Abertura;16/06/2020;Cotações
Abertura;17/06/2020;Cotações
Abertura;18/06/2020;Cotações
Abertura;19/06/2020;Cotações
Abertura;22/06/2020;Cotações
Abertura;23/06/2020;Cotações
Abertura;24/06/2020;Cotações
Abertura;25/06/2020;Cotações
Abertura;26/06/2020;Cotações
Abertura;29/06/2020;Cotações
Abertura;30/06/2020;Cotações
Abertura;01/07/2020;Cotações
Abertura;02/07/2020;Cotações
Abertura;03/07/2020;Cotações
Abertura;06/07/2020;Cotações
Abertura;07/07/2020;Cotações
Abertura;08/07/2020;Cotações
Abertura;09/07/2020;Cotações
Abertura;10/07/2020;Cotações
Abertura;13/07/2020;Cotações
Abertura;14/07/2020;Cotações
Abertura;15/07/2020;Cotações
Abertura;16/07/2020;Cotações
Abertura;17/07/2020;Cotações
Abertura;20/07/2020;Cotações
Abertura;21/07/2020;Cotações
Abertura;22/07/2020;Cotações
Abertura;23/07/2020;Cotações
Abertura;24/07/2020;Cotações
Abertura;27/07/2020;Cotações
Abertura;28/07/2020;Cotações
Abertura;29/07/2020;Cotações
Abertura;30/07/2020;Cotações
Abertura;31/07/2020;Cotações
Abertura;03/08/2020;Cotações
Abertura;04/08/2020;Cotações
Abertura;05/08/2020;Cotações
Abertura;06/08/2020;Cotações
Abertura;07/08/2020;Cotações
Abertura;10/08/2020;Cotações
Abertura;11/08/2020;Cotações
Abertura;12/08/2020;Cotações
Abertura;13/08/2020;Cotações
Abertura;14/08/2020;Cotações
Abertura;17/08/2020;Cotações
Abertura;18/08/2020;Cotações
Abertura;19/08/2020;Cotações
Abertura;20/08/2020;Cotações
Abertura;21/08/2020;Cotações
Abertura;24/08/2020;Cotações
Abertura;25/08/2020;Cotações
Abertura;26/08/2020;Cotações
Abertura;27/08/2020;Cotações
Abertura;28/08/2020;Cotações
Abertura;31/08/2020;Cotações
Abertura;01/09/2020;Cotações
Abertura;02/09/2020;Cotações
Abertura;03/09/2020;Cotações
Abertura;04/09/2020;Cotações
Abertura;08/09/2020;Cotações
Abertura;09/09/2020;Cotações
Abertura;10/09/2020;Cotações
Abertura;11/09/2020;Cotações
Abertura;14/09/2020;Cotações
Abertura;15/09/2020;Cotações
Abertura;16/09/2020;Cotações
Abertura;17/09/2020;Cotações
Abertura;18/09/2020;Cotações
Abertura;21/09/2020;Cotações
Abertura;22/09/2020;Cotações
Abertura;23/09/2020;Cotações
Abertura;24/09/2020;Cotações
Abertura;25/09/2020;Cotações
Abertura;28/09/2020;Cotações
Abertura;29/09/2020;Cotações
Abertura;30/09/2020;Cotações
Abertura;01/10/2020;Cotações
Abertura;02/10/2020;Cotações
Abertura;05/10/2020;Cotações
Abertura;06/10/2020;Cotações
Abertura;07/10/2020;Cotações
Abertura;08/10/2020;Cotações
Abertura;09/10/2020;Cotações
Abertura;13/10/2020;Cotações
Abertura;14/10/2020;Cotações
Abertura;15/10/2020;Cotações
Abertura;16/10/2020;Cotações
Abertura;19/10/2020;Cotações
Abertura;20/10/2020;Cotações
Abertura;21/10/2020;Cotações
Abertura;22/10/2020;Cotações
Abertura;23/10/2020;Cotações
Abertura;26/10/2020;Cotações
Abertura;27/10/2020;Cotações
Abertura;28/10/2020;Cotações
Abertura;29/10/2020;Cotações
Abertura;30/10/2020;Cotações
Abertura;03/11/2020;Cotações
Abertura;04/11/2020;Cotações
Abertura;05/11/2020;Cotações
Abertura;06/11/2020;Cotações
Abertura;09/11/2020;Cotações
Abertura;10/11/2020;Cotações
Abertura;11/11/2020;Cotações
Abertura;12/11/2020;Cotações
Abertura;13/11/2020;Cotações
Abertura;16/11/2020;Cotações
Abertura;17/11/2020;Cotações
Abertura;18/11/2020;Cotações
Abertura;19/11/2020;Cotações
Abertura;20/11/2020;Cotações
Abertura;23/11/2020;Cotações
Abertura;24/11/2020;Cotações
Abertura;25/11/2020;Cotações
Abertura;26/11/2020;Cotações
Abertura;27/11/2020;Cotações
Abertura;30/11/2020;Cotações
Abertura;01/12/2020;Cotações
Abertura;02/12/2020;Cotações
Abertura;03/12/2020;Cotações
Abertura;04/12/2020;Cotações
Abertura;07/12/2020;Cotações
Abertura;08/12/2020;Cotações
Abertura;09/12/2020;Cotações
Abertura;10/12/2020;Cotações
Abertura;11/12/2020;Cotações
Abertura;14/12/2020;Cotações
Abertura;15/12/2020;Cotações
Abertura;16/12/2020;Cotações
Abertura;17/12/2020;Cotações
Abertura;18/12/2020;Cotações
Abertura;21/12/2020;Cotações
Abertura;22/12/2020;Cotações
Abertura;23/12/2020;Cotações
Abertura;28/12/2020;Cotações
Abertura;29/12/2020;Cotações
Abertura;30/12/2020;Cotações
Abertura;04/01/2021;Cotações
Abertura;05/01/2021;Cotações
Abertura;06/01/2021;Cotações
Abertura;07/01/2021;Cotações
Abertura;08/01/2021;Cotações
Abertura;11/01/2021;Cotações
Abertura;12/01/2021;Cotações
Abertura;13/01/2021;Cotações
Abertura;14/01/2021;Cotações
Abertura;15/01/2021;Cotações
Abertura;18/01/2021;Cotações
Abertura;19/01/2021;Cotações
Abertura;20/01/2021;Cotações
Abertura;21/01/2021;Cotações
Abertura;22/01/2021;Cotações
Abertura;26/01/2021;Cotações
Abertura;27/01/2021;Cotações
Abertura;28/01/2021;Cotações
Abertura;29/01/2021;Cotações
Abertura;01/02/2021;Cotações
Abertura;02/02/2021;Cotações
Abertura;03/02/2021;Cotações
Abertura;04/02/2021;Cotações
Abertura;05/02/2021;Cotações
Abertura;08/02/2021;Cotações
Abertura;09/02/2021;Cotações
Abertura;10/02/2021;Cotações
Abertura;11/02/2021;Cotações
Abertura;12/02/2021;Cotações
Abertura;17/02/2021;Cotações
Abertura;18/02/2021;Cotações
Abertura;19/02/2021;Cotações
Abertura;22/02/2021;Cotações
Abertura;23/02/2021;Cotações
Abertura;24/02/2021;Cotações
Abertura;25/02/2021;Cotações
Abertura;26/02/2021;Cotações
Abertura;01/03/2021;Cotações
Abertura;02/03/2021;Cotações
Abertura;03/03/2021;Cotações
Abertura;04/03/2021;Cotações
Abertura;05/03/2021;Cotações
Abertura;08/03/2021;Cotações
Abertura;09/03/2021;Cotações
Abertura;10/03/2021;Cotações
Abertura;11/03/2021;Cotações
Abertura;12/03/2021;Cotações
Abertura;15/03/2021;Cotações
Abertura;16/03/2021;Cotações
Abertura;17/03/2021;Cotações
Abertura;18/03/2021;Cotações
Abertura;19/03/2021;Cotações
Abertura;22/03/2021;Cotações
Abertura;23/03/2021;Cotações
Abertura;24/03/2021;Cotações
Abertura;25/03/2021;Cotações
Abertura;26/03/2021;Cotações
Abertura;29/03/2021;Cotações
Abertura;30/03/2021;Cotações
Abertura;31/03/2021;Cotações
Abertura;01/04/2021;Cotações
Abertura;05/04/2021;Cotações
Abertura;06/04/2021;Cotações
Abertura;07/04/2021;Cotações
Abertura;08/04/2021;Cotações
Abertura;09/04/2021;Cotações
Abertura;12/04/2021;Cotações
Abertura;13/04/2021;Cotações
Abertura;14/04/2021;Cotações
Abertura;15/04/2021;Cotações
Abertura;16/04/2021;Cotações
Abertura;19/04/2021;Cotações
Abertura;20/04/2021;Cotações
Abertura;22/04/2021;Cotações
Abertura;23/04/2021;Cotações
Abertura;26/04/2021;Cotações
Abertura;27/04/2021;Cotações
Abertura;28/04/2021;Cotações
Abertura;29/04/2021;Cotações
Abertura;30/04/2021;Cotações
Abertura;03/05/2021;Cotações
Abertura;04/05/2021;Cotações
Abertura;05/05/2021;Cotações
Abertura;06/05/2021;Cotações
Abertura;07/05/2021;Cotações
Abertura;10/05/2021;Cotações
Abertura;11/05/2021;Cotações
Abertura;12/05/2021;Cotações
Abertura;13/05/2021;Cotações
Abertura;14/05/2021;Cotações
Abertura;17/05/2021;Cotações
Abertura;18/05/2021;Cotações
Abertura;19/05/2021;Cotações
Abertura;20/05/2021;Cotações
Abertura;21/05/2021;Cotações
Abertura;24/05/2021;Cotações
Abertura;25/05/2021;Cotações
Abertura;26/05/2021;Cotações
Abertura;27/05/2021;Cotações
Abertura;28/05/2021;Cotações
Abertura;31/05/2021;Cotações
Abertura;01/06/2021;Cotações
Abertura;02/06/2021;Cotações
Abertura;04/06/2021;Cotações
Abertura;07/06/2021;Cotações
Abertura;08/06/2021;Cotações
Abertura;09/06/2021;Cotações
Abertura;10/06/2021;Cotações
Abertura;11/06/2021;Cotações
Abertura;14/06/2021;Cotações
Abertura;15/06/2021;Cotações
Abertura;16/06/2021;Cotações
Abertura;17/06/2021;Cotações
Abertura;18/06/2021;Cotações
Abertura;21/06/2021;Cotações
Abertura;22/06/2021;Cotações
Abertura;23/06/2021;Cotações
Abertura;24/06/2021;Cotações
Abertura;25/06/2021;Cotações
Abertura;28/06/2021;Cotações
Abertura;29/06/2021;Cotações
Abertura;30/06/2021;Cotações
Abertura;01/07/2021;Cotações
Abertura;02/07/2021;Cotações
Abertura;05/07/2021;Cotações
Abertura;06/07/2021;Cotações
Abertura;07/07/2021;Cotações
Abertura;08/07/2021;Cotações
Abertura;12/07/2021;Cotações
Abertura;13/07/2021;Cotações
Abertura;14/07/2021;Cotações
Abertura;15/07/2021;Cotações
Abertura;16/07/2021;Cotações
Abertura;19/07/2021;Cotações
Abertura;20/07/2021;Cotações
Abertura;21/07/2021;Cotações
Abertura;22/07/2021;Cotações
Abertura;23/07/2021;Cotações
Abertura;26/07/2021;Cotações
Abertura;27/07/2021;Cotações
Abertura;28/07/2021;Cotações
Abertura;29/07/2021;Cotações
Abertura;30/07/2021;Cotações
Abertura;02/08/2021;Cotações
Abertura;03/08/2021;Cotações
Abertura;04/08/2021;Cotações
Abertura;05/08/2021;Cotações
Abertura;06/08/2021;Cotações
Abertura;09/08/2021;Cotações
Abertura;10/08/2021;Cotações
Abertura;11/08/2021;Cotações
Abertura;12/08/2021;Cotações
Abertura;13/08/2021;Cotações
Abertura;16/08/2021;Cotações
Abertura;17/08/2021;Cotações
Abertura;18/08/2021;Cotações
Abertura;19/08/2021;Cotações
Abertura;20/08/2021;Cotações
Abertura;23/08/2021;Cotações
Abertura;24/08/2021;Cotações
Abertura;25/08/2021;Cotações
Abertura;26/08/2021;Cotações
Abertura;27/08/2021;Cotações
Abertura;30/08/2021;Cotações
Abertura;31/08/2021;Cotações
Abertura;01/09/2021;Cotações
Abertura;02/09/2021;Cotações
Abertura;03/09/2021;Cotações
Abertura;06/09/2021;Cotações
Abertura;08/09/2021;Cotações
Abertura;09/09/2021;Cotações
Abertura;10/09/2021;Cotações
Abertura;13/09/2021;Cotações
Abertura;14/09/2021;Cotações
Abertura;15/09/2021;Cotações
Abertura;16/09/2021;Cotações
Abertura;17/09/2021;Cotações
Abertura;20/09/2021;Cotações
Abertura;21/09/2021;Cotações
Abertura;22/09/2021;Cotações
Abertura;23/09/2021;Cotações
Abertura;24/09/2021;Cotações
Abertura;27/09/2021;Cotações
Abertura;28/09/2021;Cotações
Abertura;29/09/2021;Cotações
Abertura;30/09/2021;Cotações
Abertura;01/10/2021;Cotações
Abertura;04/10/2021;Cotações
Abertura;05/10/2021;Cotações
Abertura;06/10/2021;Cotações
Abertura;07/10/2021;Cotações
Abertura;08/10/2021;Cotações
Abertura;11/10/2021;Cotações
Abertura;13/10/2021;Cotações
Abertura;14/10/2021;Cotações
Abertura;15/10/2021;Cotações
Abertura;18/10/2021;Cotações
Abertura;19/10/2021;Cotações
Abertura;20/10/2021;Cotações
Abertura;21/10/2021;Cotações
Abertura;22/10/2021;Cotações
Abertura;25/10/2021;Cotações
Abertura;26/10/2021;Cotações
Abertura;27/10/2021;Cotações
Abertura;28/10/2021;Cotações
Abertura;29/10/2021;Cotações
Abertura;01/11/2021;Cotações
Abertura;03/11/2021;Cotações
Abertura;04/11/2021;Cotações
Abertura;05/11/2021;Cotações
Abertura;08/11/2021;Cotações
Abertura;09/11/2021;Cotações
Abertura;10/11/2021;Cotações
Abertura;11/11/2021;Cotações
Abertura;12/11/2021;Cotações
Abertura;16/11/2021;Cotações
Abertura;17/11/2021;Cotações
Abertura;18/11/2021;Cotações
Abertura;19/11/2021;Cotações
Abertura;22/11/2021;Cotações
Abertura;23/11/2021;Cotações
Abertura;24/11/2021;Cotações
Abertura;25/11/2021;Cotações
Abertura;26/11/2021;Cotações
Abertura;29/11/2021;Cotações
Abertura;30/11/2021;Cotações
Abertura;01/12/2021;Cotações
Abertura;02/12/2021;Cotações
Abertura;03/12/2021;Cotações
Abertura;06/12/2021;Cotações
Abertura;07/12/2021;Cotações
Abertura;08/12/2021;Cotações
Abertura;09/12/2021;Cotações
Abertura;10/12/2021;Cotações
Abertura;13/12/2021;Cotações
Abertura;14/12/2021;Cotações
Abertura;15/12/2021;Cotações
Abertura;16/12/2021;Cotações
Abertura;17/12/2021;Cotações
Abertura;20/12/2021;Cotações
Abertura;21/12/2021;Cotações
Abertura;22/12/2021;Cotações
Abertura;23/12/2021;Cotações
Abertura;27/12/2021;Cotações
Abertura;28/12/2021;Cotações
Abertura;29/12/2021;Cotações
Abertura;30/12/2021;Cotações
Abertura;03/01/2022;Cotações
Abertura;04/01/2022;Cotações
Abertura;05/01/2022;Cotações
Abertura;06/01/2022;Cotações
Abertura;07/01/2022;Cotações
Abertura;10/01/2022;Cotações
Abertura;11/01/2022;Cotações
Abertura;12/01/2022;Cotações
Abertura;13/01/2022;Cotações
Abertura;14/01/2022;Cotações
Abertura;17/01/2022;Cotações
Abertura;18/01/2022;Cotações
Abertura;19/01/2022;Cotações
Abertura;20/01/2022;Cotações
Abertura;21/01/2022;Cotações
Abertura;24/01/2022;Cotações
Abertura;25/01/2022;Cotações
Abertura;26/01/2022;Cotações
Abertura;27/01/2022;Cotações
Abertura;28/01/2022;Cotações
Abertura;31/01/2022;Cotações
Abertura;01/02/2022;Cotações
Abertura;02/02/2022;Cotações
Abertura;03/02/2022;Cotações
Abertura;04/02/2022;Cotações
Abertura;07/02/2022;Cotações
Abertura;08/02/2022;Cotações
Abertura;09/02/2022;Cotações
Abertura;10/02/2022;Cotações
Abertura;11/02/2022;Cotações
Abertura;14/02/2022;Cotações
Abertura;15/02/2022;Cotações
Abertura;16/02/2022;Cotações
Abertura;17/02/2022;Cotações
Abertura;18/02/2022;Cotações
Abertura;21/02/2022;Cotações
Abertura;22/02/2022;Cotações
Abertura;23/02/2022;Cotações
Abertura;24/02/2022;Cotações
Abertura;25/02/2022;Cotações
Abertura;02/03/2022;Cotações
Abertura;03/03/2022;Cotações
Abertura;04/03/2022;Cotações
Abertura;07/03/2022;Cotações
Abertura;08/03/2022;Cotações
Abertura;09/03/2022;Cotações
Abertura;10/03/2022;Cotações
Abertura;11/03/2022;Cotações
Abertura;14/03/2022;Cotações
Abertura;15/03/2022;Cotações
Abertura;16/03/2022;Cotações
Abertura;17/03/2022;Cotações
Abertura;18/03/2022;Cotações
Abertura;21/03/2022;Cotações
Abertura;22/03/2022;Cotações
Abertura;23/03/2022;Cotações
Abertura;24/03/2022;Cotações
Abertura;25/03/2022;Cotações
Abertura;28/03/2022;Cotações
Abertura;29/03/2022;Cotações
Abertura;30/03/2022;Cotações
Abertura;31/03/2022;Cotações
Abertura;01/04/2022;Cotações
Abertura;04/04/2022;Cotações
Abertura;05/04/2022;Cotações
Abertura;06/04/2022;Cotações
Abertura;07/04/2022;Cotações
Abertura;08/04/2022;Cotações
Abertura;11/04/2022;Cotações
Abertura;12/04/2022;Cotações
Abertura;13/04/2022;Cotações
Abertura;14/04/2022;Cotações
Abertura;18/04/2022;Cotações
Abertura;19/04/2022;Cotações
Abertura;20/04/2022;Cotações
Abertura;22/04/2022;Cotações
Abertura;25/04/2022;Cotações
Abertura;26/04/2022;Cotações
Abertura;27/04/2022;Cotações
Abertura;28/04/2022;Cotações
Abertura;29/04/2022;Cotações
Abertura;02/05/2022;Cotações
Abertura;03/05/2022;Cotações
Abertura;04/05/2022;Cotações
Abertura;05/05/2022;Cotações
Abertura;06/05/2022;Cotações
Abertura;09/05/2022;Cotações
Abertura;10/05/2022;Cotações
Abertura;11/05/2022;Cotações
Abertura;12/05/2022;Cotações
Abertura;13/05/2022;Cotações
Abertura;16/05/2022;Cotações
Abertura;17/05/2022;Cotações
Abertura;18/05/2022;Cotações
Abertura;19/05/2022;Cotações
Abertura;20/05/2022;Cotações
Abertura;23/05/2022;Cotações
Abertura;24/05/2022;Cotações
Abertura;25/05/2022;Cotações
Abertura;26/05/2022;Cotações
Abertura;27/05/2022;Cotações
Abertura;30/05/2022;Cotações
Abertura;31/05/2022;Cotações
Abertura;01/06/2022;Cotações
Abertura;02/06/2022;Cotações
Abertura;03/06/2022;Cotações
Abertura;06/06/2022;Cotações
Abertura;07/06/2022;Cotações
Abertura;08/06/2022;Cotações
Abertura;09/06/2022;Cotações
Abertura;10/06/2022;Cotações
Abertura;13/06/2022;Cotações
Abertura;14/06/2022;Cotações
Abertura;15/06/2022;Cotações
Abertura;17/06/2022;Cotações
Abertura;20/06/2022;Cotações
Abertura;21/06/2022;Cotações
Abertura;22/06/2022;Cotações
Abertura;23/06/2022;Cotações
Abertura;24/06/2022;Cotações
Abertura;27/06/2022;Cotações
Abertura;28/06/2022;Cotações
Abertura;29/06/2022;Cotações
Abertura;30/06/2022;Cotações
Abertura;01/07/2022;Cotações
Abertura;04/07/2022;Cotações
Abertura;05/07/2022;Cotações
Abertura;06/07/2022;Cotações
Abertura;07/07/2022;Cotações
Abertura;08/07/2022;Cotações
Abertura;11/07/2022;Cotações
Abertura;12/07/2022;Cotações
Abertura;13/07/2022;Cotações
Abertura;14/07/2022;Cotações
Abertura;15/07/2022;Cotações
Abertura;18/07/2022;Cotações
Abertura;19/07/2022;Cotações
Abertura;20/07/2022;Cotações
Abertura;21/07/2022;Cotações
Abertura;22/07/2022;Cotações
Abertura;25/07/2022;Cotações
Abertura;26/07/2022;Cotações
Abertura;27/07/2022;Cotações
Abertura;28/07/2022;Cotações
Abertura;29/07/2022;Cotações
Abertura;01/08/2022;Cotações
Abertura;02/08/2022;Cotações
Abertura;03/08/2022;Cotações
Abertura;04/08/2022;Cotações
Abertura;05/08/2022;Cotações
Abertura;08/08/2022;Cotações
Abertura;09/08/2022;Cotações
Abertura;10/08/2022;Cotações
Abertura;11/08/2022;Cotações
Abertura;12/08/2022;Cotações
Abertura;15/08/2022;Cotações
Abertura;16/08/2022;Cotações
Abertura;17/08/2022;Cotações
Abertura;18/08/2022;Cotações
Abertura;19/08/2022;Cotações
Abertura;22/08/2022;Cotações
Abertura;23/08/2022;Cotações
Abertura;24/08/2022;Cotações
Abertura;25/08/2022;Cotações
Abertura;26/08/2022;Cotações
Abertura;29/08/2022;Cotações
Abertura;30/08/2022;Cotações
Abertura;31/08/2022;Cotações
Abertura;01/09/2022;Cotações
Abertura;02/09/2022;Cotações
Abertura;05/09/2022;Cotações
Abertura;06/09/2022;Cotações
Abertura;08/09/2022;Cotações
Abertura;09/09/2022;Cotações
Abertura;12/09/2022;Cotações
Abertura;13/09/2022;Cotações
Abertura;14/09/2022;Cotações
Abertura;15/09/2022;Cotações
Abertura;16/09/2022;Cotações
Abertura;19/09/2022;Cotações
Abertura;20/09/2022;Cotações
Abertura;21/09/2022;Cotações
Abertura;22/09/2022;Cotações
Abertura;23/09/2022;Cotações
Abertura;26/09/2022;Cotações
Abertura;27/09/2022;Cotações
Abertura;28/09/2022;Cotações
Abertura;29/09/2022;Cotações
Abertura;30/09/2022;Cotações
Abertura;03/10/2022;Cotações
Abertura;04/10/2022;Cotações
Abertura;05/10/2022;Cotações
Abertura;06/10/2022;Cotações
Abertura;07/10/2022;Cotações
Abertura;10/10/2022;Cotações
Abertura;11/10/2022;Cotações
Abertura;13/10/2022;Cotações
Abertura;14/10/2022;Cotações
Abertura;17/10/2022;Cotações
Abertura;18/10/2022;Cotações
Abertura;19/10/2022;Cotações
Abertura;20/10/2022;Cotações
Abertura;21/10/2022;Cotações
Abertura;24/10/2022;Cotações
Abertura;25/10/2022;Cotações
Abertura;26/10/2022;Cotações
Abertura;27/10/2022;Cotações
Abertura;28/10/2022;Cotações
Abertura;31/10/2022;Cotações
Abertura;01/11/2022;Cotações
Abertura;03/11/2022;Cotações
Abertura;04/11/2022;Cotações
Abertura;07/11/2022;Cotações
Abertura;08/11/2022;Cotações
Abertura;09/11/2022;Cotações
Abertura;10/11/2022;Cotações
Abertura;11/11/2022;Cotações
Abertura;14/11/2022;Cotações
Abertura;16/11/2022;Cotações
Abertura;17/11/2022;Cotações
Abertura;18/11/2022;Cotações
Abertura;21/11/2022;Cotações
Abertura;22/11/2022;Cotações
Abertura;23/11/2022;Cotações
Abertura;24/11/2022;Cotações
Abertura;25/11/2022;Cotações
Abertura;28/11/2022;Cotações
Abertura;29/11/2022;Cotações
Abertura;30/11/2022;Cotações
Abertura;01/12/2022;Cotações
Abertura;02/12/2022;Cotações
Abertura;05/12/2022;Cotações
Abertura;06/12/2022;Cotações
Abertura;07/12/2022;Cotações
Abertura;08/12/2022;Cotações
Abertura;09/12/2022;Cotações
Abertura;12/12/2022;Cotações
Abertura;13/12/2022;Cotações
Abertura;14/12/2022;Cotações
Abertura;15/12/2022;Cotações
Abertura;16/12/2022;Cotações
Abertura;19/12/2022;Cotações
Abertura;20/12/2022;Cotações
Abertura;21/12/2022;Cotações
Abertura;22/12/2022;Cotações
Abertura;23/12/2022;Cotações
Abertura;26/12/2022;Cotações
Abertura;27/12/2022;Cotações
Abertura;28/12/2022;Cotações
Abertura;29/12/2022;Cotações
Abertura;02/01/2023;Cotações
Abertura;03/01/2023;Cotações
Abertura;04/01/2023;Cotações
Abertura;05/01/2023;Cotações
Abertura;06/01/2023;Cotações
Abertura;09/01/2023;Cotações
Abertura;10/01/2023;Cotações
Abertura;11/01/2023;Cotações
Abertura;12/01/2023;Cotações
Abertura;13/01/2023;Cotações
Abertura;16/01/2023;Cotações
Abertura;17/01/2023;Cotações
Abertura;18/01/2023;Cotações
Abertura;19/01/2023;Cotações
Abertura;20/01/2023;Cotações
Abertura;23/01/2023;Cotações
Abertura;24/01/2023;Cotações
Abertura;25/01/2023;Cotações
Abertura;26/01/2023;Cotações
Abertura;27/01/2023;Cotações
Abertura;30/01/2023;Cotações
Abertura;31/01/2023;Cotações
Abertura;01/02/2023;Cotações
Abertura;02/02/2023;Cotações
Abertura;03/02/2023;Cotações
Abertura;06/02/2023;Cotações
Abertura;07/02/2023;Cotações
Abertura;08/02/2023;Cotações
Abertura;09/02/2023;Cotações
Abertura;10/02/2023;Cotações
Abertura;13/02/2023;Cotações
Abertura;14/02/2023;Cotações
Abertura;15/02/2023;Cotações
Abertura;16/02/2023;Cotações
Abertura;17/02/2023;Cotações
Abertura;22/02/2023;Cotações
Abertura;23/02/2023;Cotações
Abertura;24/02/2023;Cotações
Abertura;27/02/2023;Cotações
Abertura;28/02/2023;Cotações
Abertura;01/03/2023;Cotações
Abertura;02/03/2023;Cotações
Abertura;03/03/2023;Cotações
Abertura;06/03/2023;Cotações
Abertura;07/03/2023;Cotações
Abertura;08/03/2023;Cotações
Abertura;09/03/2023;Cotações
Abertura;10/03/2023;Cotações
Abertura;13/03/2023;Cotações
Abertura;14/03/2023;Cotações
Abertura;15/03/2023;Cotações
Abertura;16/03/2023;Cotações
Abertura;17/03/2023;Cotações
Abertura;20/03/2023;Cotações
Abertura;21/03/2023;Cotações
Abertura;22/03/2023;Cotações
Abertura;23/03/2023;Cotações
Abertura;24/03/2023;Cotações
Abertura;27/03/2023;Cotações
Abertura;28/03/2023;Cotações
Abertura;29/03/2023;Cotações
Abertura;30/03/2023;Cotações
Abertura;31/03/2023;Cotações
Abertura;03/04/2023;Cotações
Abertura;04/04/2023;Cotações
Abertura;05/04/2023;Cotações
Abertura;06/04/2023;Cotações
Abertura;10/04/2023;Cotações
Abertura;11/04/2023;Cotações
Abertura;12/04/2023;Cotações
Abertura;13/04/2023;Cotações
Abertura;14/04/2023;Cotações
Abertura;17/04/2023;Cotações
Abertura;18/04/2023;Cotações
Abertura;19/04/2023;Cotações
Abertura;20/04/2023;Cotações
Abertura;24/04/2023;Cotações
Abertura;25/04/2023;Cotações
Abertura;26/04/2023;Cotações
Abertura;27/04/2023;Cotações
Abertura;28/04/2023;Cotações
Abertura;02/05/2023;Cotações
Abertura;03/05/2023;Cotações
Abertura;04/05/2023;Cotações
Abertura;05/05/2023;Cotações
Abertura;08/05/2023;Cotações
Abertura;09/05/2023;Cotações
Abertura;10/05/2023;Cotações
Abertura;11/05/2023;Cotações
Abertura;12/05/2023;Cotações
Abertura;15/05/2023;Cotações
Abertura;16/05/2023;Cotações
Abertura;17/05/2023;Cotações
Abertura;18/05/2023;Cotações
Abertura;19/05/2023;Cotações
Abertura;22/05/2023;Cotações
Abertura;23/05/2023;Cotações
Abertura;24/05/2023;Cotações
Abertura;25/05/2023;Cotações
Abertura;26/05/2023;Cotações
Abertura;29/05/2023;Cotações
Abertura;30/05/2023;Cotações
Abertura;31/05/2023;Cotações
Abertura;01/06/2023;Cotações
Abertura;02/06/2023;Cotações
Abertura;05/06/2023;Cotações
Abertura;06/06/2023;Cotações
Abertura;07/06/2023;Cotações
Abertura;09/06/2023;Cotações
Abertura;12/06/2023;Cotações
Abertura;13/06/2023;Cotações
Abertura;14/06/2023;Cotações
Abertura;15/06/2023;Cotações
Abertura;16/06/2023;Cotações
Abertura;19/06/2023;Cotações
Abertura;20/06/2023;Cotações
Abertura;21/06/2023;Cotações
Abertura;22/06/2023;Cotações
Abertura;23/06/2023;Cotações
Abertura;26/06/2023;Cotações
Abertura;27/06/2023;Cotações
Abertura;28/06/2023;Cotações
Abertura;29/06/2023;Cotações
Abertura;30/06/2023;Cotações
Abertura;03/07/2023;Cotações
Abertura;04/07/2023;Cotações
Abertura;05/07/2023;Cotações
Abertura;06/07/2023;Cotações
Abertura;07/07/2023;Cotações
Abertura;10/07/2023;Cotações
Abertura;11/07/2023;Cotações
Abertura;12/07/2023;Cotações
Abertura;13/07/2023;Cotações
Abertura;14/07/2023;Cotações
Abertura;17/07/2023;Cotações
Abertura;18/07/2023;Cotações
Abertura;19/07/2023;Cotações
Abertura;20/07/2023;Cotações
Abertura;21/07/2023;Cotações
Abertura;24/07/2023;Cotações
Abertura;25/07/2023;Cotações
Abertura;26/07/2023;Cotações
Abertura;27/07/2023;Cotações
Abertura;28/07/2023;Cotações
Abertura;31/07/2023;Cotações
Abertura;01/08/2023;Cotações
Abertura;02/08/2023;Cotações
Abertura;03/08/2023;Cotações
Abertura;04/08/2023;Cotações
Abertura;07/08/2023;Cotações
Abertura;08/08/2023;Cotações
Abertura;09/08/2023;Cotações
Abertura;10/08/2023;Cotações
Abertura;11/08/2023;Cotações
Abertura;14/08/2023;Cotações
Abertura;15/08/2023;Cotações
Abertura;16/08/2023;Cotações
Abertura;17/08/2023;Cotações
Abertura;18/08/2023;Cotações
Abertura;21/08/2023;Cotações
Abertura;22/08/2023;Cotações
Abertura;23/08/2023;Cotações
Abertura;24/08/2023;Cotações
Abertura;25/08/2023;Cotações
Abertura;28/08/2023;Cotações
Abertura;29/08/2023;Cotações
Abertura;30/08/2023;Cotações
Abertura;31/08/2023;Cotações
Abertura;01/09/2023;Cotações
Abertura;04/09/2023;Cotações
Abertura;05/09/2023;Cotações
Abertura;06/09/2023;Cotações
Abertura;08/09/2023;Cotações
Abertura;11/09/2023;Cotações
Abertura;12/09/2023;Cotações
Abertura;13/09/2023;Cotações
Abertura;14/09/2023;Cotações
Abertura;15/09/2023;Cotações
Abertura;18/09/2023;Cotações
Abertura;19/09/2023;Cotações
Abertura;20/09/2023;Cotações
Abertura;21/09/2023;Cotações
Abertura;22/09/2023;Cotações
Abertura;25/09/2023;Cotações
Abertura;26/09/2023;Cotações
Abertura;27/09/2023;Cotações
Abertura;28/09/2023;Cotações
Abertura;29/09/2023;Cotações
Abertura;02/10/2023;Cotações
Abertura;03/10/2023;Cotações
Abertura;04/10/2023;Cotações
Abertura;05/10/2023;Cotações
Abertura;06/10/2023;Cotações
Abertura;09/10/2023;Cotações
Abertura;10/10/2023;Cotações
Abertura;11/10/2023;Cotações
Abertura;13/10/2023;Cotações
Abertura;16/10/2023;Cotações
Abertura;17/10/2023;Cotações
Abertura;18/10/2023;Cotações
Abertura;19/10/2023;Cotações
Abertura;20/10/2023;Cotações
Abertura;23/10/2023;Cotações
Abertura;24/10/2023;Cotações
Abertura;25/10/2023;Cotações
Abertura;26/10/2023;Cotações
Abertura;27/10/2023;Cotações
Abertura;30/10/2023;Cotações
Abertura;31/10/2023;Cotações
Abertura;01/11/2023;Cotações
Abertura;03/11/2023;Cotações
Abertura;06/11/2023;Cotações
Abertura;07/11/2023;Cotações
Abertura;08/11/2023;Cotações
Abertura;09/11/2023;Cotações
Abertura;10/11/2023;Cotações
Abertura;13/11/2023;Cotações
Abertura;14/11/2023;Cotações
Abertura;16/11/2023;Cotações
Abertura;17/11/2023;Cotações
Abertura;20/11/2023;Cotações
Abertura;21/11/2023;Cotações
Abertura;22/11/2023;Cotações
Abertura;23/11/2023;Cotações
Abertura;24/11/2023;Cotações
Abertura;27/11/2023;Cotações
Abertura;28/11/2023;Cotações
Abertura;29/11/2023;Cotações
Abertura;30/11/2023;Cotações
Abertura;01/12/2023;Cotações
Abertura;04/12/2023;Cotações
Abertura;05/12/2023;Cotações
Abertura;06/12/2023;Cotações
Abertura;07/12/2023;Cotações
Abertura;08/12/2023;Cotações
Abertura;11/12/2023;Cotações
Abertura;12/12/2023;Cotações
Abertura;13/12/2023;Cotações
Abertura;14/12/2023;Cotações
Abertura;15/12/2023;Cotações
Abertura;18/12/2023;Cotações
Abertura;19/12/2023;Cotações
Abertura;20/12/2023;Cotações
Abertura;21/12/2023;Cotações
Abertura;22/12/2023;Cotações
Abertura;26/12/2023;Cotações
Abertura;27/12/2023;Cotações
Abertura;28/12/2023;Cotações
Abertura;02/01/2024;Cotações
Abertura;03/01/2024;Cotações
Abertura;04/01/2024;Cotações
Abertura;05/01/2024;Cotações
Abertura;08/01/2024;Cotações
Abertura;09/01/2024;Cotações
Abertura;10/01/2024;Cotações
Abertura;11/01/2024;Cotações
Abertura;12/01/2024;Cotações
Abertura;15/01/2024;Cotações
Abertura;16/01/2024;Cotações
Abertura;17/01/2024;Cotações
Abertura;18/01/2024;Cotações
Abertura;19/01/2024;Cotações
Abertura;22/01/2024;Cotações
Abertura;23/01/2024;Cotações
Abertura;24/01/2024;Cotações
Abertura;25/01/2024;Cotações
Abertura;26/01/2024;Cotações
Abertura;29/01/2024;Cotações
Abertura;30/01/2024;Cotações
Abertura;31/01/2024;Cotações
Abertura;01/02/2024;Cotações
Abertura;02/02/2024;Cotações
Abertura;05/02/2024;Cotações
Abertura;06/02/2024;Cotações
Abertura;07/02/2024;Cotações
Abertura;08/02/2024;Cotações
Abertura;09/02/2024;Cotações
Abertura;14/02/2024;Cotações
Abertura;15/02/2024;Cotações
Abertura;16/02/2024;Cotações
Abertura;19/02/2024;Cotações
Abertura;20/02/2024;Cotações
Abertura;21/02/2024;Cotações
Abertura;22/02/2024;Cotações
Abertura;23/02/2024;Cotações
Abertura;26/02/2024;Cotações
Abertura;27/02/2024;Cotações
Abertura;28/02/2024;Cotações
Abertura;29/02/2024;Cotações
Abertura;01/03/2024;Cotações
Abertura;04/03/2024;Cotações
Abertura;05/03/2024;Cotações
Abertura;06/03/2024;Cotações
Abertura;07/03/2024;Cotações
Abertura;08/03/2024;Cotações
Abertura;11/03/2024;Cotações
Abertura;12/03/2024;Cotações
Abertura;13/03/2024;Cotações
Abertura;14/03/2024;Cotações
Abertura;15/03/2024;Cotações
Abertura;18/03/2024;Cotações
Abertura;19/03/2024;Cotações
Abertura;20/03/2024;Cotações
Abertura;21/03/2024;Cotações
Abertura;22/03/2024;Cotações
Abertura;25/03/2024;Cotações
Abertura;26/03/2024;Cotações
Abertura;27/03/2024;Cotações
Abertura;28/03/2024;Cotações
Abertura;01/04/2024;Cotações
Abertura;02/04/2024;Cotações
Abertura;03/04/2024;Cotações
Abertura;04/04/2024;Cotações
Abertura;05/04/2024;Cotações
Abertura;08/04/2024;Cotações
Abertura;09/04/2024;Cotações
Abertura;10/04/2024;Cotações
Abertura;11/04/2024;Cotações
Abertura;12/04/2024;Cotações
Abertura;15/04/2024;Cotações
Abertura;16/04/2024;Cotações
Abertura;17/04/2024;Cotações
Abertura;18/04/2024;Cotações
Abertura;19/04/2024;Cotações
Abertura;22/04/2024;Cotações
Abertura;23/04/2024;Cotações
Abertura;24/04/2024;Cotações
Abertura;25/04/2024;Cotações
Abertura;26/04/2024;Cotações
Abertura;29/04/2024;Cotações
Abertura;30/04/2024;Cotações
Abertura;02/05/2024;Cotações
Abertura;03/05/2024;Cotações
Abertura;06/05/2024;Cotações
Abertura;07/05/2024;Cotações
Abertura;08/05/2024;Cotações
Abertura;09/05/2024;Cotações
Abertura;10/05/2024;Cotações
Abertura;13/05/2024;Cotações
Abertura;14/05/2024;Cotações
Abertura;15/05/2024;Cotações
Abertura;16/05/2024;Cotações
Abertura;17/05/2024;Cotações
Abertura;20/05/2024;Cotações
Abertura;21/05/2024;Cotações
Abertura;22/05/2024;Cotações
Abertura;23/05/2024;Cotações
Abertura;24/05/2024;Cotações
Abertura;27/05/2024;Cotações
Abertura;28/05/2024;Cotações
Abertura;29/05/2024;Cotações
Abertura;31/05/2024;Cotações
Abertura;03/06/2024;Cotações
Abertura;04/06/2024;Cotações
Abertura;05/06/2024;Cotações
Abertura;06/06/2024;Cotações
Abertura;07/06/2024;Cotações
Abertura;10/06/2024;Cotações
Abertura;11/06/2024;Cotações
Abertura;12/06/2024;Cotações
Abertura;13/06/2024;Cotações
Abertura;14/06/2024;Cotações
Abertura;17/06/2024;Cotações
Abertura;18/06/2024;Cotações
Abertura;19/06/2024;Cotações
Abertura;20/06/2024;Cotações
Abertura;21/06/2024;Cotações
Abertura;24/06/2024;Cotações
Abertura;25/06/2024;Cotações
Abertura;26/06/2024;Cotações
Abertura;27/06/2024;Cotações
Abertura;28/06/2024;Cotações
Abertura;01/07/2024;Cotações
Abertura;02/07/2024;Cotações
Abertura;03/07/2024;Cotações
Abertura;04/07/2024;Cotações
Abertura;05/07/2024;Cotações
Abertura;08/07/2024;Cotações
Abertura;09/07/2024;Cotações
Abertura;10/07/2024;Cotações
Abertura;11/07/2024;Cotações
Abertura;12/07/2024;Cotações
Abertura;15/07/2024;Cotações
Abertura;16/07/2024;Cotações
Abertura;17/07/2024;Cotações
Abertura;18/07/2024;Cotações
Abertura;19/07/2024;Cotações
Abertura;22/07/2024;Cotações
Abertura;23/07/2024;Cotações
Abertura;24/07/2024;Cotações
Abertura;25/07/2024;Cotações
Abertura;26/07/2024;Cotações
Abertura;29/07/2024;Cotações
Abertura;30/07/2024;Cotações
Abertura;31/07/2024;Cotações
Abertura;01/08/2024;Cotações
Abertura;02/08/2024;Cotações
Abertura;05/08/2024;Cotações
Abertura;06/08/2024;Cotações
Abertura;07/08/2024;Cotações
Abertura;08/08/2024;Cotações
Abertura;09/08/2024;Cotações
Abertura;12/08/2024;Cotações
Abertura;13/08/2024;Cotações
Abertura;14/08/2024;Cotações
Abertura;15/08/2024;Cotações
Abertura;16/08/2024;Cotações
Abertura;19/08/2024;Cotações
Abertura;20/08/2024;Cotações
Abertura;21/08/2024;Cotações
Abertura;22/08/2024;Cotações
Abertura;23/08/2024;Cotações
Abertura;26/08/2024;Cotações
Abertura;27/08/2024;Cotações
Abertura;28/08/2024;Cotações
Abertura;29/08/2024;Cotações
Abertura;30/08/2024;Cotações
Abertura;02/09/2024;Cotações
Abertura;03/09/2024;Cotações
Abertura;04/09/2024;Cotações
Abertura;05/09/2024;Cotações
Abertura;06/09/2024;Cotações
Abertura;09/09/2024;Cotações
Abertura;10/09/2024;Cotações
Abertura;11/09/2024;Cotações
Abertura;12/09/2024;Cotações
Abertura;13/09/2024;Cotações
Abertura;16/09/2024;Cotações
Abertura;17/09/2024;Cotações
Abertura;18/09/2024;Cotações
Abertura;19/09/2024;Cotações
Abertura;20/09/2024;Cotações
Abertura;23/09/2024;Cotações
Abertura;24/09/2024;Cotações
Abertura;25/09/2024;Cotações
Abertura;26/09/2024;Cotações
Abertura;27/09/2024;Cotações
Abertura;30/09/2024;Cotações
Abertura;01/10/2024;Cotações
Abertura;02/10/2024;Cotações
Abertura;03/10/2024;Cotações
Abertura;04/10/2024;Cotações
Abertura;07/10/2024;Cotações
Abertura;08/10/2024;Cotações
Abertura;09/10/2024;Cotações
Abertura;10/10/2024;Cotações
Abertura;11/10/2024;Cotações
Abertura;14/10/2024;Cotações
Abertura;15/10/2024;Cotações
Abertura;16/10/2024;Cotações
Abertura;17/10/2024;Cotações
Abertura;18/10/2024;Cotações
Abertura;21/10/2024;Cotações
Abertura;22/10/2024;Cotações
Abertura;23/10/2024;Cotações
Abertura;24/10/2024;Cotações
Abertura;25/10/2024;Cotações
Abertura;28/10/2024;Cotações
Abertura;29/10/2024;Cotações
Abertura;30/10/2024;Cotações
Abertura;31/10/2024;Cotações
Abertura;01/11/2024;Cotações
Abertura;04/11/2024;Cotações
Abertura;05/11/2024;Cotações
Abertura;06/11/2024;Cotações
Abertura;07/11/2024;Cotações
Abertura;08/11/2024;Cotações
Abertura;11/11/2024;Cotações
Abertura;12/11/2024;Cotações
Abertura;13/11/2024;Cotações
Abertura;14/11/2024;Cotações
Abertura;18/11/2024;Cotações
Abertura;19/11/2024;Cotações
Abertura;21/11/2024;Cotações
Abertura;22/11/2024;Cotações
Abertura;25/11/2024;Cotações
Abertura;26/11/2024;Cotações
Abertura;27/11/2024;Cotações
Abertura;28/11/2024;Cotações
Abertura;29/11/2024;Cotações
Abertura;02/12/2024;Cotações
Abertura;03/12/2024;Cotações
Abertura;04/12/2024;Cotações
Abertura;05/12/2024;Cotações
Abertura;06/12/2024;Cotações
Abertura;09/12/2024;Cotações
Abertura;10/12/2024;Cotações
Abertura;11/12/2024;Cotações
Abertura;12/12/2024;Cotações
Abertura;13/12/2024;Cotações
Abertura;16/12/2024;Cotações
Abertura;17/12/2024;Cotações
Abertura;18/12/2024;Cotações
Abertura;19/12/2024;Cotações
Abertura;20/12/2024;Cotações
Abertura;23/12/2024;Cotações
Abertura;26/12/2024;Cotações
Abertura;27/12/2024;Cotações
Abertura;30/12/2024;Cotações
Abertura;02/01/2025;Cotações
Abertura;03/01/2025;Cotações
Abertura;06/01/2025;Cotações
Abertura;07/01/2025;Cotações
Abertura;08/01/2025;Cotações
Abertura;09/01/2025;Cotações
Abertura;10/01/2025;Cotações
Abertura;13/01/2025;Cotações
Abertura;14/01/2025;Cotações
Abertura;15/01/2025;Cotações
Abertura;16/01/2025;Cotações
Abertura;17/01/2025;Cotações
Abertura;20/01/2025;Cotações
Abertura;21/01/2025;Cotações
Abertura;22/01/2025;Cotações
Abertura;23/01/2025;Cotações
Abertura;24/01/2025;Cotações
Abertura;27/01/2025;Cotações
Abertura;28/01/2025;Cotações
Abertura;29/01/2025;Cotações
Abertura;30/01/2025;Cotações
Abertura;31/01/2025;Cotações
Abertura;03/02/2025;Cotações
Abertura;04/02/2025;Cotações
Abertura;05/02/2025;Cotações
Abertura;06/02/2025;Cotações
Abertura;07/02/2025;Cotações
Abertura;10/02/2025;Cotações
Abertura;11/02/2025;Cotações
Abertura;12/02/2025;Cotações
Abertura;13/02/2025;Cotações
Abertura;14/02/2025;Cotações
Abertura;17/02/2025;Cotações
Abertura;18/02/2025;Cotações
Abertura;19/02/2025;Cotações
Abertura;20/02/2025;Cotações
Abertura;21/02/2025;Cotações
Abertura;24/02/2025;Cotações
Abertura;25/02/2025;Cotações
Abertura;26/02/2025;Cotações
Abertura;27/02/2025;Cotações
Abertura;28/02/2025;Cotações
Abertura;05/03/2025;Cotações
Abertura;06/03/2025;Cotações
Abertura;07/03/2025;Cotações
Abertura;10/03/2025;Cotações
Abertura;11/03/2025;Cotações
Abertura;12/03/2025;Cotações
Abertura;13/03/2025;Cotações
Abertura;14/03/2025;Cotações
Abertura;17/03/2025;Cotações
Abertura;18/03/2025;Cotações
Abertura;19/03/2025;Cotações
Abertura;20/03/2025;Cotações
Abertura;21/03/2025;Cotações
Abertura;24/03/2025;Cotações
Abertura;25/03/2025;Cotações
Abertura;26/03/2025;Cotações
Abertura;27/03/2025;Cotações
Abertura;28/03/2025;Cotações
Abertura;31/03/2025;Cotações
Abertura;01/04/2025;Cotações
Abertura;02/04/2025;Cotações
Abertura;03/04/2025;Cotações
Abertura;04/04/2025;Cotações
Abertura;07/04/2025;Cotações
Abertura;08/04/2025;Cotações
Abertura;09/04/2025;Cotações
Abertura;10/04/2025;Cotações
Abertura;11/04/2025;Cotações
Abertura;14/04/2025;Cotações
Abertura;15/04/2025;Cotações
Abertura;16/04/2025;Cotações
Abertura;17/04/2025;Cotações
Abertura;22/04/2025;Cotações
Abertura;23/04/2025;Cotações
Abertura;24/04/2025;Cotações
Abertura;25/04/2025;Cotações
Abertura;28/04/2025;Cotações
Abertura;29/04/2025;Cotações
Abertura;30/04/2025;Cotações
Abertura;02/05/2025;Cotações
Abertura;05/05/2025;Cotações
Abertura;06/05/2025;Cotações
Abertura;07/05/2025;Cotações
Abertura;08/05/2025;Cotações
Abertura;09/05/2025;Cotações
Abertura;12/05/2025;Cotações
Abertura;13/05/2025;Cotações
Abertura;14/05/2025;Cotações
Abertura;15/05/2025;Cotações
Abertura;16/05/2025;Cotações
Abertura;19/05/2025;Cotações
Abertura;20/05/2025;Cotações
Abertura;21/05/2025;Cotações
Abertura;22/05/2025;Cotações
Abertura;23/05/2025;Cotações
Abertura;26/05/2025;Cotações
Abertura;27/05/2025;Cotações
Abertura;28/05/2025;Cotações
Abertura;29/05/2025;Cotações
Abertura;30/05/2025;Cotações
Abertura;02/06/2025;Cotações
Abertura;03/06/2025;Cotações
Abertura;04/06/2025;Cotações
Abertura;05/06/2025;Cotações
Abertura;06/06/2025;Cotações
Abertura;09/06/2025;Cotações
Abertura;10/06/2025;Cotações
Abertura;11/06/2025;Cotações
Abertura;12/06/2025;Cotações
Abertura;13/06/2025;Cotações
Abertura;16/06/2025;Cotações
Abertura;17/06/2025;Cotações
Abertura;18/06/2025;Cotações
Abertura;20/06/2025;Cotações
Abertura;23/06/2025;Cotações
Abertura;24/06/2025;Cotações
Abertura;25/06/2025;Cotações
Abertura;26/06/2025;Cotações
Abertura;27/06/2025;Cotações
Abertura;30/06/2025;Cotações
Abertura;01/07/2025;Cotações
Abertura;02/07/2025;Cotações
Abertura;03/07/2025;Cotações
Abertura;04/07/2025;Cotações
Abertura;07/07/2025;Cotações
Abertura;08/07/2025;Cotações
Abertura;09/07/2025;Cotações
Abertura;10/07/2025;Cotações
Abertura;11/07/2025;Cotações
Abertura;14/07/2025;Cotações
Abertura;15/07/2025;Cotações
Abertura;16/07/2025;Cotações
Abertura;17/07/2025;Cotações
Abertura;18/07/2025;Cotações
Abertura;21/07/2025;Cotações
Abertura;22/07/2025;Cotações
Abertura;23/07/2025;Cotações
Abertura;24/07/2025;Cotações
Abertura;25/07/2025;Cotações
Abertura;28/07/2025;Cotações
Abertura;29/07/2025;Cotações
Abertura;30/07/2025;Cotações
Abertura;31/07/2025;Cotações
Abertura;01/08/2025;Cotações
Abertura;04/08/2025;Cotações
Abertura;05/08/2025;Cotações
Abertura;06/08/2025;Cotações
Abertura;07/08/2025;Cotações
Abertura;08/08/2025;Cotações
Abertura;11/08/2025;Cotações
Abertura;12/08/2025;Cotações
Abertura;13/08/2025;Cotações
Abertura;14/08/2025;Cotações
Abertura;15/08/2025;Cotações
Abertura;18/08/2025;Cotações
Abertura;19/08/2025;Cotações
Abertura;20/08/2025;Cotações
Abertura;21/08/2025;Cotações
Abertura;22/08/2025;Cotações
Abertura;25/08/2025;Cotações
Abertura;26/08/2025;Cotações
Abertura;27/08/2025;Cotações
Abertura;28/08/2025;Cotações
Abertura;29/08/2025;Cotações
Abertura;01/09/2025;Cotações
Abertura;02/09/2025;Cotações
Abertura;03/09/2025;Cotações
Abertura;04/09/2025;Cotações
Abertura;05/09/2025;Cotações
Abertura;08/09/2025;Cotações
Abertura;09/09/2025;Cotações
Abertura;10/09/2025;Cotações
Abertura;11/09/2025;Cotações
Abertura;12/09/2025;Cotações
Abertura;15/09/2025;Cotações
Abertura;16/09/2025;Cotações
Abertura;17/09/2025;Cotações
Abertura;18/09/2025;Cotações
Abertura;19/09/2025;Cotações
Abertura;22/09/2025;Cotações
Abertura;23/09/2025;Cotações
Abertura;24/09/2025;Cotações
Abertura;25/09/2025;Cotações
Abertura;26/09/2025;Cotações
Abertura;29/09/2025;Cotações
Abertura;30/09/2025;Cotações
Abertura;01/10/2025;Cotações
Abertura;02/10/2025;Cotações
Abertura;03/10/2025;Cotações
Abertura;06/10/2025;Cotações
Abertura;07/10/2025;Cotações
Abertura;08/10/2025;Cotações
Abertura;09/10/2025;Cotações
Abertura;10/10/2025;Cotações
Abertura;13/10/2025;Cotações
Abertura;14/10/2025;Cotações
Abertura;15/10/2025;Cotações
Abertura;16/10/2025;Cotações
Abertura;17/10/2025;Cotações
Abertura;20/10/2025;Cotações
Abertura;21/10/2025;Cotações
Abertura;22/10/2025;Cotações
Abertura;23/10/2025;Cotações
Abertura;24/10/2025;Cotações
Abertura;27/10/2025;Cotações
Abertura;28/10/2025;Cotações
Abertura;29/10/2025;Cotações
Abertura;30/10/2025;Cotações
Abertura;31/10/2025;Cotações
Abertura;03/11/2025;Cotações
Abertura;04/11/2025;Cotações
Abertura;05/11/2025;Cotações
Abertura;06/11/2025;Cotações
Abertura;07/11/2025;Cotações
Abertura;10/11/2025;Cotações
Abertura;11/11/2025;Cotações
Abertura;12/11/2025;Cotações
Abertura;13/11/2025;Cotações
Abertura;14/11/2025;Cotações
Abertura;17/11/2025;Cotações
Abertura;18/11/2025;Cotações
Abertura;19/11/2025;Cotações
Abertura;21/11/2025;Cotações
Abertura;24/11/2025;Cotações
Abertura;25/11/2025;Cotações
Abertura;26/11/2025;Cotações
Abertura;27/11/2025;Cotações
Abertura;28/11/2025;Cotações
Abertura;01/12/2025;Cotações
Abertura;02/12/2025;Cotações
Abertura;03/12/2025;Cotações
Abertura;04/12/2025;Cotações
Abertura;05/12/2025;Cotações
Abertura;08/12/2025;Cotações
Abertura;09/12/2025;Cotações
Abertura;10/12/2025;Cotações
Abertura;11/12/2025;Cotações
Abertura;12/12/2025;Cotações
Abertura;15/12/2025;Cotações
Abertura;16/12/2025;Cotações
Abertura;17/12/2025;Cotações
Abertura;18/12/2025;Cotações
Abertura;19/12/2025;Cotações
Abertura;22/12/2025;Cotações
Abertura;23/12/2025;Cotações
Abertura;26/12/2025;Cotações
Abertura;29/12/2025;Cotações
Abertura;30/12/2025;Cotações
Abertura;02/01/2026;Cotações
Abertura;05/01/2026;Cotações
Abertura;06/01/2026;Cotações
Abertura;07/01/2026;Cotações
Abertura;08/01/2026;Cotações
Abertura;09/01/2026;Cotações
Abertura;12/01/2026;Cotações
Abertura;13/01/2026;Cotações
Abertura;14/01/2026;Cotações
Abertura;15/01/2026;Cotações
Abertura;16/01/2026;Cotações
Abertura;19/01/2026;Cotações
Abertura;20/01/2026;Cotações
Abertura;21/01/2026;Cotações
Abertura;22/01/2026;Cotações
Abertura;23/01/2026;Cotações
Abertura;26/01/2026;Cotações
Abertura;27/01/2026;Cotações
Abertura;28/01/2026;Cotações
Abertura;29/01/2026;Cotações
Abertura;30/01/2026;Cotações
Abertura;02/02/2026;Cotações
Abertura;03/02/2026;Cotações
Abertura;04/02/2026;Cotações
Abertura;05/02/2026;Cotações
Abertura;06/02/2026;Cotações
Abertura;09/02/2026;Cotações
Abertura;10/02/2026;Cotações
Abertura;11/02/2026;Cotações
Abertura;12/02/2026;Cotações
Abertura;13/02/2026;Cotações
Abertura;18/02/2026;Cotações
Abertura;19/02/2026;Cotações
Abertura;20/02/2026;Cotações
Abertura;23/02/2026;Cotações
Abertura;24/02/2026;Cotações
Abertura;25/02/2026;Cotações
Abertura;26/02/2026;Cotações
Abertura;27/02/2026;Cotações
Abertura;02/03/2026;Cotações
Abertura;03/03/2026;Cotações
Abertura;04/03/2026;Cotações
Abertura;05/03/2026;Cotações
Abertura;06/03/2026;Cotações
Abertura;09/03/2026;Cotações
Abertura;10/03/2026;Cotações
Abertura;11/03/2026;Cotações
Abertura;12/03/2026;Cotações
Abertura;13/03/2026;Cotações
Abertura;16/03/2026;Cotações
Abertura;17/03/2026;Cotações
Abertura;18/03/2026;Cotações
Abertura;19/03/2026;Cotações
Abertura;20/03/2026;Cotações
Abertura;23/03/2026;Cotações
Abertura;24/03/2026;Cotações
Abertura;25/03/2026;Cotações
Abertura;26/03/2026;Cotações
Abertura;27/03/2026;Cotações
Abertura;30/03/2026;Cotações
Abertura;31/03/2026;Cotações
Abertura;01/04/2026;Cotações
Abertura;02/04/2026;Cotações
Abertura;06/04/2026;Cotações
Abertura;07/04/2026;Cotações
Abertura;08/04/2026;Cotações
Abertura;09/04/2026;Cotações
Abertura;10/04/2026;Cotações
Abertura;13/04/2026;Cotações
Abertura;14/04/2026;Cotações
Abertura;15/04/2026;Cotações
Abertura;16/04/2026;Cotações
Abertura;17/04/2026;Cotações
Abertura;20/04/2026;Cotações
Abertura;22/04/2026;Cotações
Abertura;23/04/2026;Cotações
Abertura;24/04/2026;Cotações
Abertura;27/04/2026;Cotações
Abertura;28/04/2026;Cotações
Abertura;29/04/2026;Cotações
Abertura;30/04/2026;Cotações
Abertura;04/05/2026;Cotações
Abertura;05/05/2026;Cotações
Abertura;06/05/2026;Cotações
Abertura;07/05/2026;Cotações
Abertura;08/05/2026;Cotações
Abertura;11/05/2026;Cotações
Abertura;12/05/2026;Cotações
Abertura;13/05/2026;Cotações
Abertura;14/05/2026;Cotações
Abertura;15/05/2026;Cotações
Abertura;18/05/2026;Cotações
Abertura;19/05/2026;Cotações
Abertura;20/05/2026;Cotações
Abertura;21/05/2026;Cotações
Abertura;22/05/2026;Cotações
Abertura;25/05/2026;Cotações
Abertura;26/05/2026;Cotações
Abertura;27/05/2026;Cotações
Abertura;28/05/2026;Cotações
Abertura;29/05/2026;Cotações
Abertura;01/06/2026;Cotações
Abertura;02/06/2026;Cotações
Abertura;03/06/2026;Cotações
Abertura;05/06/2026;Cotações
Abertura;08/06/2026;Cotações
Abertura;09/06/2026;Cotações
Abertura;10/06/2026;Cotações
Abertura;11/06/2026;Cotações
Abertura;12/06/2026;Cotações
Abertura;15/06/2026;Cotações
Abertura;16/06/2026;Cotações
Abertura;17/06/2026;Cotações
Abertura;18/06/2026;Cotações
Abertura;19/06/2026;Cotações
Abertura;22/06/2026;Cotações
Abertura;23/06/2026;Cotações
Abertura;24/06/2026;Cotações
Abertura;25/06/2026;Cotações
Abertura;26/06/2026;Cotações
Abertura;29/06/2026;Cotações
Abertura;30/06/2026;Cotações
Abertura;01/07/2026;Cotações
Abertura;02/07/2026;Cotações
Abertura;03/07/2026;Cotações
Abertura;06/07/2026;Cotações
Abertura;07/07/2026;Cotações
Abertura;08/07/2026;Cotações
Abertura;09/07/2026;Cotações
Abertura;10/07/2026;Cotações
Abertura;13/07/2026;Cotações
Abertura;14/07/2026;Cotações
Abertura;15/07/2026;Cotações
Abertura;16/07/2026;Cotações
Abertura;17/07/2026;Cotações
Abertura;20/07/2026;Cotações
Abertura;21/07/2026;Cotações
Abertura;22/07/2026;Cotações
Abertura;23/07/2026;Cotações
Abertura;24/07/2026;Cotações
Abertura;27/07/2026;Cotações
Abertura;28/07/2026;Cotações
Abertura;29/07/2026;Cotações
Abertura;30/07/2026;Cotações
Abertura;31/07/2026;Cotações
Abertura;03/08/2026;Cotações
Abertura;04/08/2026;Cotações
Abertura;05/08/2026;Cotações
Abertura;06/08/2026;Cotações
Abertura;07/08/2026;Cotações
Abertura;10/08/2026;Cotações
Abertura;11/08/2026;Cotações
Abertura;12/08/2026;Cotações
Abertura;13/08/2026;Cotações
Abertura;14/08/2026;Cotações
Abertura;17/08/2026;Cotações
Abertura;18/08/2026;Cotações
Abertura;19/08/2026;Cotações
Abertura;20/08/2026;Cotações
Abertura;21/08/2026;Cotações
Abertura;24/08/2026;Cotações
Abertura;25/08/2026;Cotações
Abertura;26/08/2026;Cotações
Abertura;27/08/2026;Cotações
Abertura;28/08/2026;Cotações
Abertura;31/08/2026;Cotações
Abertura;01/09/2026;Cotações
Abertura;02/09/2026;Cotações
Abertura;03/09/2026;Cotações
Abertura;04/09/2026;Cotações
Abertura;08/09/2026;Cotações
Abertura;09/09/2026;Cotações
Abertura;10/09/2026;Cotações
Abertura;11/09/2026;Cotações
Abertura;14/09/2026;Cotações
Abertura;15/09/2026;Cotações
Abertura;16/09/2026;Cotações
Abertura;17/09/2026;Cotações
Abertura;18/09/2026;Cotações
Abertura;21/09/2026;Cotações
Abertura;22/09/2026;Cotações
Abertura;23/09/2026;Cotações
Abertura;24/09/2026;Cotações
Abertura;25/09/2026;Cotações
Maxima;02/01/2018;Cotações
Maxima;03/01/2018;Cotações
Maxima;04/01/2018;Cotações
Maxima;05/01/2018;Cotações
Maxima;08/01/2018;Cotações
Maxima;09/01/2018;Cotações
Maxima;10/01/2018;Cotações
Maxima;11/01/2018;Cotações
Maxima;12/01/2018;Cotações
Maxima;15/01/2018;Cotações
Maxima;16/01/2018;Cotações
Maxima;17/01/2018;Cotações
Maxima;18/01/2018;Cotações
Maxima;19/01/2018;Cotações
Maxima;22/01/2018;Cotações
Maxima;23/01/2018;Cotações
Maxima;24/01/2018;Cotações
Maxima;26/01/2018;Cotações
Maxima;29/01/2018;Cotações
Maxima;30/01/2018;Cotações
Maxima;31/01/2018;Cotações
Maxima;01/02/2018;Cotações
Maxima;02/02/2018;Cotações
Maxima;05/02/2018;Cotações
Maxima;06/02/2018;Cotações
Maxima;07/02/2018;Cotações
Maxima;08/02/2018;Cotações
Maxima;09/02/2018;Cotações
Maxima;14/02/2018;Cotações
Maxima;15/02/2018;Cotações
Maxima;16/02/2018;Cotações
Maxima;19/02/2018;Cotações
Maxima;20/02/2018;Cotações
Maxima;21/02/2018;Cotações
Maxima;22/02/2018;Cotações
Maxima;23/02/2018;Cotações
Maxima;26/02/2018;Cotações
Maxima;27/02/2018;Cotações
Maxima;28/02/2018;Cotações
Maxima;01/03/2018;Cotações
Maxima;02/03/2018;Cotações
Maxima;05/03/2018;Cotações
Maxima;06/03/2018;Cotações
Maxima;07/03/2018;Cotações
Maxima;08/03/2018;Cotações
Maxima;09/03/2018;Cotações
Maxima;12/03/2018;Cotações
Maxima;13/03/2018;Cotações
Maxima;14/03/2018;Cotações
Maxima;15/03/2018;Cotações
Maxima;16/03/2018;Cotações
Maxima;19/03/2018;Cotações
Maxima;20/03/2018;Cotações
Maxima;21/03/2018;Cotações
Maxima;22/03/2018;Cotações
Maxima;23/03/2018;Cotações
Maxima;26/03/2018;Cotações
Maxima;27/03/2018;Cotações
Maxima;28/03/2018;Cotações
Maxima;29/03/2018;Cotações
Maxima;02/04/2018;Cotações
Maxima;03/04/2018;Cotações
Maxima;04/04/2018;Cotações
Maxima;05/04/2018;Cotações
Maxima;06/04/2018;Cotações
Maxima;09/04/2018;Cotações
Maxima;10/04/2018;Cotações
Maxima;11/04/2018;Cotações
Maxima;12/04/2018;Cotações
Maxima;13/04/2018;Cotações
Maxima;16/04/2018;Cotações
Maxima;17/04/2018;Cotações
Maxima;18/04/2018;Cotações
Maxima;19/04/2018;Cotações
Maxima;20/04/2018;Cotações
Maxima;23/04/2018;Cotações
Maxima;24/04/2018;Cotações
Maxima;25/04/2018;Cotações
Maxima;26/04/2018;Cotações
Maxima;27/04/2018;Cotações
Maxima;30/04/2018;Cotações
Maxima;02/05/2018;Cotações
Maxima;03/05/2018;Cotações
Maxima;04/05/2018;Cotações
Maxima;07/05/2018;Cotações
Maxima;08/05/2018;Cotações
Maxima;09/05/2018;Cotações
Maxima;10/05/2018;Cotações
Maxima;11/05/2018;Cotações
Maxima;14/05/2018;Cotações
Maxima;15/05/2018;Cotações
Maxima;16/05/2018;Cotações
Maxima;17/05/2018;Cotações
Maxima;18/05/2018;Cotações
Maxima;21/05/2018;Cotações
Maxima;22/05/2018;Cotações
Maxima;23/05/2018;Cotações
Maxima;24/05/2018;Cotações
Maxima;25/05/2018;Cotações
Maxima;28/05/2018;Cotações
Maxima;29/05/2018;Cotações
Maxima;30/05/2018;Cotações
Maxima;01/06/2018;Cotações
Maxima;04/06/2018;Cotações
Maxima;05/06/2018;Cotações
Maxima;06/06/2018;Cotações
Maxima;07/06/2018;Cotações
Maxima;08/06/2018;Cotações
Maxima;11/06/2018;Cotações
Maxima;12/06/2018;Cotações
Maxima;13/06/2018;Cotações
Maxima;14/06/2018;Cotações
Maxima;15/06/2018;Cotações
Maxima;18/06/2018;Cotações
Maxima;19/06/2018;Cotações
Maxima;20/06/2018;Cotações
Maxima;21/06/2018;Cotações
Maxima;22/06/2018;Cotações
Maxima;25/06/2018;Cotações
Maxima;26/06/2018;Cotações
Maxima;27/06/2018;Cotações
Maxima;28/06/2018;Cotações
Maxima;29/06/2018;Cotações
Maxima;02/07/2018;Cotações
Maxima;03/07/2018;Cotações
Maxima;04/07/2018;Cotações
Maxima;05/07/2018;Cotações
Maxima;06/07/2018;Cotações
Maxima;10/07/2018;Cotações
Maxima;11/07/2018;Cotações
Maxima;12/07/2018;Cotações
Maxima;13/07/2018;Cotações
Maxima;16/07/2018;Cotações
Maxima;17/07/2018;Cotações
Maxima;18/07/2018;Cotações
Maxima;19/07/2018;Cotações
Maxima;20/07/2018;Cotações
Maxima;23/07/2018;Cotações
Maxima;24/07/2018;Cotações
Maxima;25/07/2018;Cotações
Maxima;26/07/2018;Cotações
Maxima;27/07/2018;Cotações
Maxima;30/07/2018;Cotações
Maxima;31/07/2018;Cotações
Maxima;01/08/2018;Cotações
Maxima;02/08/2018;Cotações
Maxima;03/08/2018;Cotações
Maxima;06/08/2018;Cotações
Maxima;07/08/2018;Cotações
Maxima;08/08/2018;Cotações
Maxima;09/08/2018;Cotações
Maxima;10/08/2018;Cotações
Maxima;13/08/2018;Cotações
Maxima;14/08/2018;Cotações
Maxima;15/08/2018;Cotações
Maxima;16/08/2018;Cotações
Maxima;17/08/2018;Cotações
Maxima;20/08/2018;Cotações
Maxima;21/08/2018;Cotações
Maxima;22/08/2018;Cotações
Maxima;23/08/2018;Cotações
Maxima;24/08/2018;Cotações
Maxima;27/08/2018;Cotações
Maxima;28/08/2018;Cotações
Maxima;29/08/2018;Cotações
Maxima;30/08/2018;Cotações
Maxima;31/08/2018;Cotações
Maxima;03/09/2018;Cotações
Maxima;04/09/2018;Cotações
Maxima;05/09/2018;Cotações
Maxima;06/09/2018;Cotações
Maxima;10/09/2018;Cotações
Maxima;11/09/2018;Cotações
Maxima;12/09/2018;Cotações
Maxima;13/09/2018;Cotações
Maxima;14/09/2018;Cotações
Maxima;17/09/2018;Cotações
Maxima;18/09/2018;Cotações
Maxima;19/09/2018;Cotações
Maxima;20/09/2018;Cotações
Maxima;21/09/2018;Cotações
Maxima;24/09/2018;Cotações
Maxima;25/09/2018;Cotações
Maxima;26/09/2018;Cotações
Maxima;27/09/2018;Cotações
Maxima;28/09/2018;Cotações
Maxima;01/10/2018;Cotações
Maxima;02/10/2018;Cotações
Maxima;03/10/2018;Cotações
Maxima;04/10/2018;Cotações
Maxima;05/10/2018;Cotações
Maxima;08/10/2018;Cotações
Maxima;09/10/2018;Cotações
Maxima;10/10/2018;Cotações
Maxima;11/10/2018;Cotações
Maxima;15/10/2018;Cotações
Maxima;16/10/2018;Cotações
Maxima;17/10/2018;Cotações
Maxima;18/10/2018;Cotações
Maxima;19/10/2018;Cotações
Maxima;22/10/2018;Cotações
Maxima;23/10/2018;Cotações
Maxima;24/10/2018;Cotações
Maxima;25/10/2018;Cotações
Maxima;26/10/2018;Cotações
Maxima;29/10/2018;Cotações
Maxima;30/10/2018;Cotações
Maxima;31/10/2018;Cotações
Maxima;01/11/2018;Cotações
Maxima;05/11/2018;Cotações
Maxima;06/11/2018;Cotações
Maxima;07/11/2018;Cotações
Maxima;08/11/2018;Cotações
Maxima;09/11/2018;Cotações
Maxima;12/11/2018;Cotações
Maxima;13/11/2018;Cotações
Maxima;14/11/2018;Cotações
Maxima;16/11/2018;Cotações
Maxima;19/11/2018;Cotações
Maxima;21/11/2018;Cotações
Maxima;22/11/2018;Cotações
Maxima;23/11/2018;Cotações
Maxima;26/11/2018;Cotações
Maxima;27/11/2018;Cotações
Maxima;28/11/2018;Cotações
Maxima;29/11/2018;Cotações
Maxima;30/11/2018;Cotações
Maxima;03/12/2018;Cotações
Maxima;04/12/2018;Cotações
Maxima;05/12/2018;Cotações
Maxima;06/12/2018;Cotações
Maxima;07/12/2018;Cotações
Maxima;10/12/2018;Cotações
Maxima;11/12/2018;Cotações
Maxima;12/12/2018;Cotações
Maxima;13/12/2018;Cotações
Maxima;14/12/2018;Cotações
Maxima;17/12/2018;Cotações
Maxima;18/12/2018;Cotações
Maxima;19/12/2018;Cotações
Maxima;20/12/2018;Cotações
Maxima;21/12/2018;Cotações
Maxima;26/12/2018;Cotações
Maxima;27/12/2018;Cotações
Maxima;28/12/2018;Cotações
Maxima;02/01/2019;Cotações
Maxima;03/01/2019;Cotações
Maxima;04/01/2019;Cotações
Maxima;07/01/2019;Cotações
Maxima;08/01/2019;Cotações
Maxima;09/01/2019;Cotações
Maxima;10/01/2019;Cotações
Maxima;11/01/2019;Cotações
Maxima;14/01/2019;Cotações
Maxima;15/01/2019;Cotações
Maxima;16/01/2019;Cotações
Maxima;17/01/2019;Cotações
Maxima;18/01/2019;Cotações
Maxima;21/01/2019;Cotações
Maxima;22/01/2019;Cotações
Maxima;23/01/2019;Cotações
Maxima;24/01/2019;Cotações
Maxima;28/01/2019;Cotações
Maxima;29/01/2019;Cotações
Maxima;30/01/2019;Cotações
Maxima;31/01/2019;Cotações
Maxima;01/02/2019;Cotações
Maxima;04/02/2019;Cotações
Maxima;05/02/2019;Cotações
Maxima;06/02/2019;Cotações
Maxima;07/02/2019;Cotações
Maxima;08/02/2019;Cotações
Maxima;11/02/2019;Cotações
Maxima;12/02/2019;Cotações
Maxima;13/02/2019;Cotações
Maxima;14/02/2019;Cotações
Maxima;15/02/2019;Cotações
Maxima;18/02/2019;Cotações
Maxima;19/02/2019;Cotações
Maxima;20/02/2019;Cotações
Maxima;21/02/2019;Cotações
Maxima;22/02/2019;Cotações
Maxima;25/02/2019;Cotações
Maxima;26/02/2019;Cotações
Maxima;27/02/2019;Cotações
Maxima;28/02/2019;Cotações
Maxima;01/03/2019;Cotações
Maxima;06/03/2019;Cotações
Maxima;07/03/2019;Cotações
Maxima;08/03/2019;Cotações
Maxima;11/03/2019;Cotações
Maxima;12/03/2019;Cotações
Maxima;13/03/2019;Cotações
Maxima;14/03/2019;Cotações
Maxima;15/03/2019;Cotações
Maxima;18/03/2019;Cotações
Maxima;19/03/2019;Cotações
Maxima;20/03/2019;Cotações
Maxima;21/03/2019;Cotações
Maxima;22/03/2019;Cotações
Maxima;25/03/2019;Cotações
Maxima;26/03/2019;Cotações
Maxima;27/03/2019;Cotações
Maxima;28/03/2019;Cotações
Maxima;29/03/2019;Cotações
Maxima;01/04/2019;Cotações
Maxima;02/04/2019;Cotações
Maxima;03/04/2019;Cotações
Maxima;04/04/2019;Cotações
Maxima;05/04/2019;Cotações
Maxima;08/04/2019;Cotações
Maxima;09/04/2019;Cotações
Maxima;10/04/2019;Cotações
Maxima;11/04/2019;Cotações
Maxima;12/04/2019;Cotações
Maxima;15/04/2019;Cotações
Maxima;16/04/2019;Cotações
Maxima;17/04/2019;Cotações
Maxima;18/04/2019;Cotações
Maxima;22/04/2019;Cotações
Maxima;23/04/2019;Cotações
Maxima;24/04/2019;Cotações
Maxima;25/04/2019;Cotações
Maxima;26/04/2019;Cotações
Maxima;29/04/2019;Cotações
Maxima;30/04/2019;Cotações
Maxima;02/05/2019;Cotações
Maxima;03/05/2019;Cotações
Maxima;06/05/2019;Cotações
Maxima;07/05/2019;Cotações
Maxima;08/05/2019;Cotações
Maxima;09/05/2019;Cotações
Maxima;10/05/2019;Cotações
Maxima;13/05/2019;Cotações
Maxima;14/05/2019;Cotações
Maxima;15/05/2019;Cotações
Maxima;16/05/2019;Cotações
Maxima;17/05/2019;Cotações
Maxima;20/05/2019;Cotações
Maxima;21/05/2019;Cotações
Maxima;22/05/2019;Cotações
Maxima;23/05/2019;Cotações
Maxima;24/05/2019;Cotações
Maxima;27/05/2019;Cotações
Maxima;28/05/2019;Cotações
Maxima;29/05/2019;Cotações
Maxima;30/05/2019;Cotações
Maxima;31/05/2019;Cotações
Maxima;03/06/2019;Cotações
Maxima;04/06/2019;Cotações
Maxima;05/06/2019;Cotações
Maxima;06/06/2019;Cotações
Maxima;07/06/2019;Cotações
Maxima;10/06/2019;Cotações
Maxima;11/06/2019;Cotações
Maxima;12/06/2019;Cotações
Maxima;13/06/2019;Cotações
Maxima;14/06/2019;Cotações
Maxima;17/06/2019;Cotações
Maxima;18/06/2019;Cotações
Maxima;19/06/2019;Cotações
Maxima;21/06/2019;Cotações
Maxima;24/06/2019;Cotações
Maxima;25/06/2019;Cotações
Maxima;26/06/2019;Cotações
Maxima;27/06/2019;Cotações
Maxima;28/06/2019;Cotações
Maxima;01/07/2019;Cotações
Maxima;02/07/2019;Cotações
Maxima;03/07/2019;Cotações
Maxima;04/07/2019;Cotações
Maxima;05/07/2019;Cotações
Maxima;08/07/2019;Cotações
Maxima;10/07/2019;Cotações
Maxima;11/07/2019;Cotações
Maxima;12/07/2019;Cotações
Maxima;15/07/2019;Cotações
Maxima;16/07/2019;Cotações
Maxima;17/07/2019;Cotações
Maxima;18/07/2019;Cotações
Maxima;19/07/2019;Cotações
Maxima;22/07/2019;Cotações
Maxima;23/07/2019;Cotações
Maxima;24/07/2019;Cotações
Maxima;25/07/2019;Cotações
Maxima;26/07/2019;Cotações
Maxima;29/07/2019;Cotações
Maxima;30/07/2019;Cotações
Maxima;31/07/2019;Cotações
Maxima;01/08/2019;Cotações
Maxima;02/08/2019;Cotações
Maxima;05/08/2019;Cotações
Maxima;06/08/2019;Cotações
Maxima;07/08/2019;Cotações
Maxima;08/08/2019;Cotações
Maxima;09/08/2019;Cotações
Maxima;12/08/2019;Cotações
Maxima;13/08/2019;Cotações
Maxima;14/08/2019;Cotações
Maxima;15/08/2019;Cotações
Maxima;16/08/2019;Cotações
Maxima;19/08/2019;Cotações
Maxima;20/08/2019;Cotações
Maxima;21/08/2019;Cotações
Maxima;22/08/2019;Cotações
Maxima;23/08/2019;Cotações
Maxima;26/08/2019;Cotações
Maxima;27/08/2019;Cotações
Maxima;28/08/2019;Cotações
Maxima;29/08/2019;Cotações
Maxima;30/08/2019;Cotações
Maxima;02/09/2019;Cotações
Maxima;03/09/2019;Cotações
Maxima;04/09/2019;Cotações
Maxima;05/09/2019;Cotações
Maxima;06/09/2019;Cotações
Maxima;09/09/2019;Cotações
Maxima;10/09/2019;Cotações
Maxima;11/09/2019;Cotações
Maxima;12/09/2019;Cotações
Maxima;13/09/2019;Cotações
Maxima;16/09/2019;Cotações
Maxima;17/09/2019;Cotações
Maxima;18/09/2019;Cotações
Maxima;19/09/2019;Cotações
Maxima;20/09/2019;Cotações
Maxima;23/09/2019;Cotações
Maxima;24/09/2019;Cotações
Maxima;25/09/2019;Cotações
Maxima;26/09/2019;Cotações
Maxima;27/09/2019;Cotações
Maxima;30/09/2019;Cotações
Maxima;01/10/2019;Cotações
Maxima;02/10/2019;Cotações
Maxima;03/10/2019;Cotações
Maxima;04/10/2019;Cotações
Maxima;07/10/2019;Cotações
Maxima;08/10/2019;Cotações
Maxima;09/10/2019;Cotações
Maxima;10/10/2019;Cotações
Maxima;11/10/2019;Cotações
Maxima;14/10/2019;Cotações
Maxima;15/10/2019;Cotações
Maxima;16/10/2019;Cotações
Maxima;17/10/2019;Cotações
Maxima;18/10/2019;Cotações
Maxima;21/10/2019;Cotações
Maxima;22/10/2019;Cotações
Maxima;23/10/2019;Cotações
Maxima;24/10/2019;Cotações
Maxima;25/10/2019;Cotações
Maxima;28/10/2019;Cotações
Maxima;29/10/2019;Cotações
Maxima;30/10/2019;Cotações
Maxima;31/10/2019;Cotações
Maxima;01/11/2019;Cotações
Maxima;04/11/2019;Cotações
Maxima;05/11/2019;Cotações
Maxima;06/11/2019;Cotações
Maxima;07/11/2019;Cotações
Maxima;08/11/2019;Cotações
Maxima;11/11/2019;Cotações
Maxima;12/11/2019;Cotações
Maxima;13/11/2019;Cotações
Maxima;14/11/2019;Cotações
Maxima;18/11/2019;Cotações
Maxima;19/11/2019;Cotações
Maxima;21/11/2019;Cotações
Maxima;22/11/2019;Cotações
Maxima;25/11/2019;Cotações
Maxima;26/11/2019;Cotações
Maxima;27/11/2019;Cotações
Maxima;28/11/2019;Cotações
Maxima;29/11/2019;Cotações
Maxima;02/12/2019;Cotações
Maxima;03/12/2019;Cotações
Maxima;04/12/2019;Cotações
Maxima;05/12/2019;Cotações
Maxima;06/12/2019;Cotações
Maxima;09/12/2019;Cotações
Maxima;10/12/2019;Cotações
Maxima;11/12/2019;Cotações
Maxima;12/12/2019;Cotações
Maxima;13/12/2019;Cotações
Maxima;16/12/2019;Cotações
Maxima;17/12/2019;Cotações
Maxima;18/12/2019;Cotações
Maxima;19/12/2019;Cotações
Maxima;20/12/2019;Cotações
Maxima;23/12/2019;Cotações
Maxima;26/12/2019;Cotações
Maxima;27/12/2019;Cotações
Maxima;30/12/2019;Cotações
Maxima;02/01/2020;Cotações
Maxima;03/01/2020;Cotações
Maxima;06/01/2020;Cotações
Maxima;07/01/2020;Cotações
Maxima;08/01/2020;Cotações
Maxima;09/01/2020;Cotações
Maxima;10/01/2020;Cotações
Maxima;13/01/2020;Cotações
Maxima;14/01/2020;Cotações
Maxima;15/01/2020;Cotações
Maxima;16/01/2020;Cotações
Maxima;17/01/2020;Cotações
Maxima;20/01/2020;Cotações
Maxima;21/01/2020;Cotações
Maxima;22/01/2020;Cotações
Maxima;23/01/2020;Cotações
Maxima;24/01/2020;Cotações
Maxima;27/01/2020;Cotações
Maxima;28/01/2020;Cotações
Maxima;29/01/2020;Cotações
Maxima;30/01/2020;Cotações
Maxima;31/01/2020;Cotações
Maxima;03/02/2020;Cotações
Maxima;04/02/2020;Cotações
Maxima;05/02/2020;Cotações
Maxima;06/02/2020;Cotações
Maxima;07/02/2020;Cotações
Maxima;10/02/2020;Cotações
Maxima;11/02/2020;Cotações
Maxima;12/02/2020;Cotações
Maxima;13/02/2020;Cotações
Maxima;14/02/2020;Cotações
Maxima;17/02/2020;Cotações
Maxima;18/02/2020;Cotações
Maxima;19/02/2020;Cotações
Maxima;20/02/2020;Cotações
Maxima;21/02/2020;Cotações
Maxima;26/02/2020;Cotações
Maxima;27/02/2020;Cotações
Maxima;28/02/2020;Cotações
Maxima;02/03/2020;Cotações
Maxima;03/03/2020;Cotações
Maxima;04/03/2020;Cotações
Maxima;05/03/2020;Cotações
Maxima;06/03/2020;Cotações
Maxima;09/03/2020;Cotações
Maxima;10/03/2020;Cotações
Maxima;11/03/2020;Cotações
Maxima;12/03/2020;Cotações
Maxima;13/03/2020;Cotações
Maxima;16/03/2020;Cotações
Maxima;17/03/2020;Cotações
Maxima;18/03/2020;Cotações
Maxima;19/03/2020;Cotações
Maxima;20/03/2020;Cotações
Maxima;23/03/2020;Cotações
Maxima;24/03/2020;Cotações
Maxima;25/03/2020;Cotações
Maxima;26/03/2020;Cotações
Maxima;27/03/2020;Cotações
Maxima;30/03/2020;Cotações
Maxima;31/03/2020;Cotações
Maxima;01/04/2020;Cotações
Maxima;02/04/2020;Cotações
Maxima;03/04/2020;Cotações
Maxima;06/04/2020;Cotações
Maxima;07/04/2020;Cotações
Maxima;08/04/2020;Cotações
Maxima;09/04/2020;Cotações
Maxima;13/04/2020;Cotações
Maxima;14/04/2020;Cotações
Maxima;15/04/2020;Cotações
Maxima;16/04/2020;Cotações
Maxima;17/04/2020;Cotações
Maxima;20/04/2020;Cotações
Maxima;22/04/2020;Cotações
Maxima;23/04/2020;Cotações
Maxima;24/04/2020;Cotações
Maxima;27/04/2020;Cotações
Maxima;28/04/2020;Cotações
Maxima;29/04/2020;Cotações
Maxima;30/04/2020;Cotações
Maxima;04/05/2020;Cotações
Maxima;05/05/2020;Cotações
Maxima;06/05/2020;Cotações
Maxima;07/05/2020;Cotações
Maxima;08/05/2020;Cotações
Maxima;11/05/2020;Cotações
Maxima;12/05/2020;Cotações
Maxima;13/05/2020;Cotações
Maxima;14/05/2020;Cotações
Maxima;15/05/2020;Cotações
Maxima;18/05/2020;Cotações
Maxima;19/05/2020;Cotações
Maxima;20/05/2020;Cotações
Maxima;21/05/2020;Cotações
Maxima;22/05/2020;Cotações
Maxima;25/05/2020;Cotações
Maxima;26/05/2020;Cotações
Maxima;27/05/2020;Cotações
Maxima;28/05/2020;Cotações
Maxima;29/05/2020;Cotações
Maxima;01/06/2020;Cotações
Maxima;02/06/2020;Cotações
Maxima;03/06/2020;Cotações
Maxima;04/06/2020;Cotações
Maxima;05/06/2020;Cotações
Maxima;08/06/2020;Cotações
Maxima;09/06/2020;Cotações
Maxima;10/06/2020;Cotações
Maxima;12/06/2020;Cotações
Maxima;15/06/2020;Cotações
Maxima;16/06/2020;Cotações
Maxima;17/06/2020;Cotações
Maxima;18/06/2020;Cotações
Maxima;19/06/2020;Cotações
Maxima;22/06/2020;Cotações
Maxima;23/06/2020;Cotações
Maxima;24/06/2020;Cotações
Maxima;25/06/2020;Cotações
Maxima;26/06/2020;Cotações
Maxima;29/06/2020;Cotações
Maxima;30/06/2020;Cotações
Maxima;01/07/2020;Cotações
Maxima;02/07/2020;Cotações
Maxima;03/07/2020;Cotações
Maxima;06/07/2020;Cotações
Maxima;07/07/2020;Cotações
Maxima;08/07/2020;Cotações
Maxima;09/07/2020;Cotações
Maxima;10/07/2020;Cotações
Maxima;13/07/2020;Cotações
Maxima;14/07/2020;Cotações
Maxima;15/07/2020;Cotações
Maxima;16/07/2020;Cotações
Maxima;17/07/2020;Cotações
Maxima;20/07/2020;Cotações
Maxima;21/07/2020;Cotações
Maxima;22/07/2020;Cotações
Maxima;23/07/2020;Cotações
Maxima;24/07/2020;Cotações
Maxima;27/07/2020;Cotações
Maxima;28/07/2020;Cotações
Maxima;29/07/2020;Cotações
Maxima;30/07/2020;Cotações
Maxima;31/07/2020;Cotações
Maxima;03/08/2020;Cotações
Maxima;04/08/2020;Cotações
Maxima;05/08/2020;Cotações
Maxima;06/08/2020;Cotações
Maxima;07/08/2020;Cotações
Maxima;10/08/2020;Cotações
Maxima;11/08/2020;Cotações
Maxima;12/08/2020;Cotações
Maxima;13/08/2020;Cotações
Maxima;14/08/2020;Cotações
Maxima;17/08/2020;Cotações
Maxima;18/08/2020;Cotações
Maxima;19/08/2020;Cotações
Maxima;20/08/2020;Cotações
Maxima;21/08/2020;Cotações
Maxima;24/08/2020;Cotações
Maxima;25/08/2020;Cotações
Maxima;26/08/2020;Cotações
Maxima;27/08/2020;Cotações
Maxima;28/08/2020;Cotações
Maxima;31/08/2020;Cotações
Maxima;01/09/2020;Cotações
Maxima;02/09/2020;Cotações
Maxima;03/09/2020;Cotações
Maxima;04/09/2020;Cotações
Maxima;08/09/2020;Cotações
Maxima;09/09/2020;Cotações
Maxima;10/09/2020;Cotações
Maxima;11/09/2020;Cotações
Maxima;14/09/2020;Cotações
Maxima;15/09/2020;Cotações
Maxima;16/09/2020;Cotações
Maxima;17/09/2020;Cotações
Maxima;18/09/2020;Cotações
Maxima;21/09/2020;Cotações
Maxima;22/09/2020;Cotações
Maxima;23/09/2020;Cotações
Maxima;24/09/2020;Cotações
Maxima;25/09/2020;Cotações
Maxima;28/09/2020;Cotações
Maxima;29/09/2020;Cotações
Maxima;30/09/2020;Cotações
Maxima;01/10/2020;Cotações
Maxima;02/10/2020;Cotações
Maxima;05/10/2020;Cotações
Maxima;06/10/2020;Cotações
Maxima;07/10/2020;Cotações
Maxima;08/10/2020;Cotações
Maxima;09/10/2020;Cotações
Maxima;13/10/2020;Cotações
Maxima;14/10/2020;Cotações
Maxima;15/10/2020;Cotações
Maxima;16/10/2020;Cotações
Maxima;19/10/2020;Cotações
Maxima;20/10/2020;Cotações
Maxima;21/10/2020;Cotações
Maxima;22/10/2020;Cotações
Maxima;23/10/2020;Cotações
Maxima;26/10/2020;Cotações
Maxima;27/10/2020;Cotações
Maxima;28/10/2020;Cotações
Maxima;29/10/2020;Cotações
Maxima;30/10/2020;Cotações
Maxima;03/11/2020;Cotações
Maxima;04/11/2020;Cotações
Maxima;05/11/2020;Cotações
Maxima;06/11/2020;Cotações
Maxima;09/11/2020;Cotações
Maxima;10/11/2020;Cotações
Maxima;11/11/2020;Cotações
Maxima;12/11/2020;Cotações
Maxima;13/11/2020;Cotações
Maxima;16/11/2020;Cotações
Maxima;17/11/2020;Cotações
Maxima;18/11/2020;Cotações
Maxima;19/11/2020;Cotações
Maxima;20/11/2020;Cotações
Maxima;23/11/2020;Cotações
Maxima;24/11/2020;Cotações
Maxima;25/11/2020;Cotações
Maxima;26/11/2020;Cotações
Maxima;27/11/2020;Cotações
Maxima;30/11/2020;Cotações
Maxima;01/12/2020;Cotações
Maxima;02/12/2020;Cotações
Maxima;03/12/2020;Cotações
Maxima;04/12/2020;Cotações
Maxima;07/12/2020;Cotações
Maxima;08/12/2020;Cotações
Maxima;09/12/2020;Cotações
Maxima;10/12/2020;Cotações
Maxima;11/12/2020;Cotações
Maxima;14/12/2020;Cotações
Maxima;15/12/2020;Cotações
Maxima;16/12/2020;Cotações
Maxima;17/12/2020;Cotações
Maxima;18/12/2020;Cotações
Maxima;21/12/2020;Cotações
Maxima;22/12/2020;Cotações
Maxima;23/12/2020;Cotações
Maxima;28/12/2020;Cotações
Maxima;29/12/2020;Cotações
Maxima;30/12/2020;Cotações
Maxima;04/01/2021;Cotações
Maxima;05/01/2021;Cotações
Maxima;06/01/2021;Cotações
Maxima;07/01/2021;Cotações
Maxima;08/01/2021;Cotações
Maxima;11/01/2021;Cotações
Maxima;12/01/2021;Cotações
Maxima;13/01/2021;Cotações
Maxima;14/01/2021;Cotações
Maxima;15/01/2021;Cotações
Maxima;18/01/2021;Cotações
Maxima;19/01/2021;Cotações
Maxima;20/01/2021;Cotações
Maxima;21/01/2021;Cotações
Maxima;22/01/2021;Cotações
Maxima;26/01/2021;Cotações
Maxima;27/01/2021;Cotações
Maxima;28/01/2021;Cotações
Maxima;29/01/2021;Cotações
Maxima;01/02/2021;Cotações
Maxima;02/02/2021;Cotações
Maxima;03/02/2021;Cotações
Maxima;04/02/2021;Cotações
Maxima;05/02/2021;Cotações
Maxima;08/02/2021;Cotações
Maxima;09/02/2021;Cotações
Maxima;10/02/2021;Cotações
Maxima;11/02/2021;Cotações
Maxima;12/02/2021;Cotações
Maxima;17/02/2021;Cotações
Maxima;18/02/2021;Cotações
Maxima;19/02/2021;Cotações
Maxima;22/02/2021;Cotações
Maxima;23/02/2021;Cotações
Maxima;24/02/2021;Cotações
Maxima;25/02/2021;Cotações
Maxima;26/02/2021;Cotações
Maxima;01/03/2021;Cotações
Maxima;02/03/2021;Cotações
Maxima;03/03/2021;Cotações
Maxima;04/03/2021;Cotações
Maxima;05/03/2021;Cotações
Maxima;08/03/2021;Cotações
Maxima;09/03/2021;Cotações
Maxima;10/03/2021;Cotações
Maxima;11/03/2021;Cotações
Maxima;12/03/2021;Cotações
Maxima;15/03/2021;Cotações
Maxima;16/03/2021;Cotações
Maxima;17/03/2021;Cotações
Maxima;18/03/2021;Cotações
Maxima;19/03/2021;Cotações
Maxima;22/03/2021;Cotações
Maxima;23/03/2021;Cotações
Maxima;24/03/2021;Cotações
Maxima;25/03/2021;Cotações
Maxima;26/03/2021;Cotações
Maxima;29/03/2021;Cotações
Maxima;30/03/2021;Cotações
Maxima;31/03/2021;Cotações
Maxima;01/04/2021;Cotações
Maxima;05/04/2021;Cotações
Maxima;06/04/2021;Cotações
Maxima;07/04/2021;Cotações
Maxima;08/04/2021;Cotações
Maxima;09/04/2021;Cotações
Maxima;12/04/2021;Cotações
Maxima;13/04/2021;Cotações
Maxima;14/04/2021;Cotações
Maxima;15/04/2021;Cotações
Maxima;16/04/2021;Cotações
Maxima;19/04/2021;Cotações
Maxima;20/04/2021;Cotações
Maxima;22/04/2021;Cotações
Maxima;23/04/2021;Cotações
Maxima;26/04/2021;Cotações
Maxima;27/04/2021;Cotações
Maxima;28/04/2021;Cotações
Maxima;29/04/2021;Cotações
Maxima;30/04/2021;Cotações
Maxima;03/05/2021;Cotações
Maxima;04/05/2021;Cotações
Maxima;05/05/2021;Cotações
Maxima;06/05/2021;Cotações
Maxima;07/05/2021;Cotações
Maxima;10/05/2021;Cotações
Maxima;11/05/2021;Cotações
Maxima;12/05/2021;Cotações
Maxima;13/05/2021;Cotações
Maxima;14/05/2021;Cotações
Maxima;17/05/2021;Cotações
Maxima;18/05/2021;Cotações
Maxima;19/05/2021;Cotações
Maxima;20/05/2021;Cotações
Maxima;21/05/2021;Cotações
Maxima;24/05/2021;Cotações
Maxima;25/05/2021;Cotações
Maxima;26/05/2021;Cotações
Maxima;27/05/2021;Cotações
Maxima;28/05/2021;Cotações
Maxima;31/05/2021;Cotações
Maxima;01/06/2021;Cotações
Maxima;02/06/2021;Cotações
Maxima;04/06/2021;Cotações
Maxima;07/06/2021;Cotações
Maxima;08/06/2021;Cotações
Maxima;09/06/2021;Cotações
Maxima;10/06/2021;Cotações
Maxima;11/06/2021;Cotações
Maxima;14/06/2021;Cotações
Maxima;15/06/2021;Cotações
Maxima;16/06/2021;Cotações
Maxima;17/06/2021;Cotações
Maxima;18/06/2021;Cotações
Maxima;21/06/2021;Cotações
Maxima;22/06/2021;Cotações
Maxima;23/06/2021;Cotações
Maxima;24/06/2021;Cotações
Maxima;25/06/2021;Cotações
Maxima;28/06/2021;Cotações
Maxima;29/06/2021;Cotações
Maxima;30/06/2021;Cotações
Maxima;01/07/2021;Cotações
Maxima;02/07/2021;Cotações
Maxima;05/07/2021;Cotações
Maxima;06/07/2021;Cotações
Maxima;07/07/2021;Cotações
Maxima;08/07/2021;Cotações
Maxima;12/07/2021;Cotações
Maxima;13/07/2021;Cotações
Maxima;14/07/2021;Cotações
Maxima;15/07/2021;Cotações
Maxima;16/07/2021;Cotações
Maxima;19/07/2021;Cotações
Maxima;20/07/2021;Cotações
Maxima;21/07/2021;Cotações
Maxima;22/07/2021;Cotações
Maxima;23/07/2021;Cotações
Maxima;26/07/2021;Cotações
Maxima;27/07/2021;Cotações
Maxima;28/07/2021;Cotações
Maxima;29/07/2021;Cotações
Maxima;30/07/2021;Cotações
Maxima;02/08/2021;Cotações
Maxima;03/08/2021;Cotações
Maxima;04/08/2021;Cotações
Maxima;05/08/2021;Cotações
Maxima;06/08/2021;Cotações
Maxima;09/08/2021;Cotações
Maxima;10/08/2021;Cotações
Maxima;11/08/2021;Cotações
Maxima;12/08/2021;Cotações
Maxima;13/08/2021;Cotações
Maxima;16/08/2021;Cotações
Maxima;17/08/2021;Cotações
Maxima;18/08/2021;Cotações
Maxima;19/08/2021;Cotações
Maxima;20/08/2021;Cotações
Maxima;23/08/2021;Cotações
Maxima;24/08/2021;Cotações
Maxima;25/08/2021;Cotações
Maxima;26/08/2021;Cotações
Maxima;27/08/2021;Cotações
Maxima;30/08/2021;Cotações
Maxima;31/08/2021;Cotações
Maxima;01/09/2021;Cotações
Maxima;02/09/2021;Cotações
Maxima;03/09/2021;Cotações
Maxima;06/09/2021;Cotações
Maxima;08/09/2021;Cotações
Maxima;09/09/2021;Cotações
Maxima;10/09/2021;Cotações
Maxima;13/09/2021;Cotações
Maxima;14/09/2021;Cotações
Maxima;15/09/2021;Cotações
Maxima;16/09/2021;Cotações
Maxima;17/09/2021;Cotações
Maxima;20/09/2021;Cotações
Maxima;21/09/2021;Cotações
Maxima;22/09/2021;Cotações
Maxima;23/09/2021;Cotações
Maxima;24/09/2021;Cotações
Maxima;27/09/2021;Cotações
Maxima;28/09/2021;Cotações
Maxima;29/09/2021;Cotações
Maxima;30/09/2021;Cotações
Maxima;01/10/2021;Cotações
Maxima;04/10/2021;Cotações
Maxima;05/10/2021;Cotações
Maxima;06/10/2021;Cotações
Maxima;07/10/2021;Cotações
Maxima;08/10/2021;Cotações
Maxima;11/10/2021;Cotações
Maxima;13/10/2021;Cotações
Maxima;14/10/2021;Cotações
Maxima;15/10/2021;Cotações
Maxima;18/10/2021;Cotações
Maxima;19/10/2021;Cotações
Maxima;20/10/2021;Cotações
Maxima;21/10/2021;Cotações
Maxima;22/10/2021;Cotações
Maxima;25/10/2021;Cotações
Maxima;26/10/2021;Cotações
Maxima;27/10/2021;Cotações
Maxima;28/10/2021;Cotações
Maxima;29/10/2021;Cotações
Maxima;01/11/2021;Cotações
Maxima;03/11/2021;Cotações
Maxima;04/11/2021;Cotações
Maxima;05/11/2021;Cotações
Maxima;08/11/2021;Cotações
Maxima;09/11/2021;Cotações
Maxima;10/11/2021;Cotações
Maxima;11/11/2021;Cotações
Maxima;12/11/2021;Cotações
Maxima;16/11/2021;Cotações
Maxima;17/11/2021;Cotações
Maxima;18/11/2021;Cotações
Maxima;19/11/2021;Cotações
Maxima;22/11/2021;Cotações
Maxima;23/11/2021;Cotações
Maxima;24/11/2021;Cotações
Maxima;25/11/2021;Cotações
Maxima;26/11/2021;Cotações
Maxima;29/11/2021;Cotações
Maxima;30/11/2021;Cotações
Maxima;01/12/2021;Cotações
Maxima;02/12/2021;Cotações
Maxima;03/12/2021;Cotações
Maxima;06/12/2021;Cotações
Maxima;07/12/2021;Cotações
Maxima;08/12/2021;Cotações
Maxima;09/12/2021;Cotações
Maxima;10/12/2021;Cotações
Maxima;13/12/2021;Cotações
Maxima;14/12/2021;Cotações
Maxima;15/12/2021;Cotações
Maxima;16/12/2021;Cotações
Maxima;17/12/2021;Cotações
Maxima;20/12/2021;Cotações
Maxima;21/12/2021;Cotações
Maxima;22/12/2021;Cotações
Maxima;23/12/2021;Cotações
Maxima;27/12/2021;Cotações
Maxima;28/12/2021;Cotações
Maxima;29/12/2021;Cotações
Maxima;30/12/2021;Cotações
Maxima;03/01/2022;Cotações
Maxima;04/01/2022;Cotações
Maxima;05/01/2022;Cotações
Maxima;06/01/2022;Cotações
Maxima;07/01/2022;Cotações
Maxima;10/01/2022;Cotações
Maxima;11/01/2022;Cotações
Maxima;12/01/2022;Cotações
Maxima;13/01/2022;Cotações
Maxima;14/01/2022;Cotações
Maxima;17/01/2022;Cotações
Maxima;18/01/2022;Cotações
Maxima;19/01/2022;Cotações
Maxima;20/01/2022;Cotações
Maxima;21/01/2022;Cotações
Maxima;24/01/2022;Cotações
Maxima;25/01/2022;Cotações
Maxima;26/01/2022;Cotações
Maxima;27/01/2022;Cotações
Maxima;28/01/2022;Cotações
Maxima;31/01/2022;Cotações
Maxima;01/02/2022;Cotações
Maxima;02/02/2022;Cotações
Maxima;03/02/2022;Cotações
Maxima;04/02/2022;Cotações
Maxima;07/02/2022;Cotações
Maxima;08/02/2022;Cotações
Maxima;09/02/2022;Cotações
Maxima;10/02/2022;Cotações
Maxima;11/02/2022;Cotações
Maxima;14/02/2022;Cotações
Maxima;15/02/2022;Cotações
Maxima;16/02/2022;Cotações
Maxima;17/02/2022;Cotações
Maxima;18/02/2022;Cotações
Maxima;21/02/2022;Cotações
Maxima;22/02/2022;Cotações
Maxima;23/02/2022;Cotações
Maxima;24/02/2022;Cotações
Maxima;25/02/2022;Cotações
Maxima;02/03/2022;Cotações
Maxima;03/03/2022;Cotações
Maxima;04/03/2022;Cotações
Maxima;07/03/2022;Cotações
Maxima;08/03/2022;Cotações
Maxima;09/03/2022;Cotações
Maxima;10/03/2022;Cotações
Maxima;11/03/2022;Cotações
Maxima;14/03/2022;Cotações
Maxima;15/03/2022;Cotações
Maxima;16/03/2022;Cotações
Maxima;17/03/2022;Cotações
Maxima;18/03/2022;Cotações
Maxima;21/03/2022;Cotações
Maxima;22/03/2022;Cotações
Maxima;23/03/2022;Cotações
Maxima;24/03/2022;Cotações
Maxima;25/03/2022;Cotações
Maxima;28/03/2022;Cotações
Maxima;29/03/2022;Cotações
Maxima;30/03/2022;Cotações
Maxima;31/03/2022;Cotações
Maxima;01/04/2022;Cotações
Maxima;04/04/2022;Cotações
Maxima;05/04/2022;Cotações
Maxima;06/04/2022;Cotações
Maxima;07/04/2022;Cotações
Maxima;08/04/2022;Cotações
Maxima;11/04/2022;Cotações
Maxima;12/04/2022;Cotações
Maxima;13/04/2022;Cotações
Maxima;14/04/2022;Cotações
Maxima;18/04/2022;Cotações
Maxima;19/04/2022;Cotações
Maxima;20/04/2022;Cotações
Maxima;22/04/2022;Cotações
Maxima;25/04/2022;Cotações
Maxima;26/04/2022;Cotações
Maxima;27/04/2022;Cotações
Maxima;28/04/2022;Cotações
Maxima;29/04/2022;Cotações
Maxima;02/05/2022;Cotações
Maxima;03/05/2022;Cotações
Maxima;04/05/2022;Cotações
Maxima;05/05/2022;Cotações
Maxima;06/05/2022;Cotações
Maxima;09/05/2022;Cotações
Maxima;10/05/2022;Cotações
Maxima;11/05/2022;Cotações
Maxima;12/05/2022;Cotações
Maxima;13/05/2022;Cotações
Maxima;16/05/2022;Cotações
Maxima;17/05/2022;Cotações
Maxima;18/05/2022;Cotações
Maxima;19/05/2022;Cotações
Maxima;20/05/2022;Cotações
Maxima;23/05/2022;Cotações
Maxima;24/05/2022;Cotações
Maxima;25/05/2022;Cotações
Maxima;26/05/2022;Cotações
Maxima;27/05/2022;Cotações
Maxima;30/05/2022;Cotações
Maxima;31/05/2022;Cotações
Maxima;01/06/2022;Cotações
Maxima;02/06/2022;Cotações
Maxima;03/06/2022;Cotações
Maxima;06/06/2022;Cotações
Maxima;07/06/2022;Cotações
Maxima;08/06/2022;Cotações
Maxima;09/06/2022;Cotações
Maxima;10/06/2022;Cotações
Maxima;13/06/2022;Cotações
Maxima;14/06/2022;Cotações
Maxima;15/06/2022;Cotações
Maxima;17/06/2022;Cotações
Maxima;20/06/2022;Cotações
Maxima;21/06/2022;Cotações
Maxima;22/06/2022;Cotações
Maxima;23/06/2022;Cotações
Maxima;24/06/2022;Cotações
Maxima;27/06/2022;Cotações
Maxima;28/06/2022;Cotações
Maxima;29/06/2022;Cotações
Maxima;30/06/2022;Cotações
Maxima;01/07/2022;Cotações
Maxima;04/07/2022;Cotações
Maxima;05/07/2022;Cotações
Maxima;06/07/2022;Cotações
Maxima;07/07/2022;Cotações
Maxima;08/07/2022;Cotações
Maxima;11/07/2022;Cotações
Maxima;12/07/2022;Cotações
Maxima;13/07/2022;Cotações
Maxima;14/07/2022;Cotações
Maxima;15/07/2022;Cotações
Maxima;18/07/2022;Cotações
Maxima;19/07/2022;Cotações
Maxima;20/07/2022;Cotações
Maxima;21/07/2022;Cotações
Maxima;22/07/2022;Cotações
Maxima;25/07/2022;Cotações
Maxima;26/07/2022;Cotações
Maxima;27/07/2022;Cotações
Maxima;28/07/2022;Cotações
Maxima;29/07/2022;Cotações
Maxima;01/08/2022;Cotações
Maxima;02/08/2022;Cotações
Maxima;03/08/2022;Cotações
Maxima;04/08/2022;Cotações
Maxima;05/08/2022;Cotações
Maxima;08/08/2022;Cotações
Maxima;09/08/2022;Cotações
Maxima;10/08/2022;Cotações
Maxima;11/08/2022;Cotações
Maxima;12/08/2022;Cotações
Maxima;15/08/2022;Cotações
Maxima;16/08/2022;Cotações
Maxima;17/08/2022;Cotações
Maxima;18/08/2022;Cotações
Maxima;19/08/2022;Cotações
Maxima;22/08/2022;Cotações
Maxima;23/08/2022;Cotações
Maxima;24/08/2022;Cotações
Maxima;25/08/2022;Cotações
Maxima;26/08/2022;Cotações
Maxima;29/08/2022;Cotações
Maxima;30/08/2022;Cotações
Maxima;31/08/2022;Cotações
Maxima;01/09/2022;Cotações
Maxima;02/09/2022;Cotações
Maxima;05/09/2022;Cotações
Maxima;06/09/2022;Cotações
Maxima;08/09/2022;Cotações
Maxima;09/09/2022;Cotações
Maxima;12/09/2022;Cotações
Maxima;13/09/2022;Cotações
Maxima;14/09/2022;Cotações
Maxima;15/09/2022;Cotações
Maxima;16/09/2022;Cotações
Maxima;19/09/2022;Cotações
Maxima;20/09/2022;Cotações
Maxima;21/09/2022;Cotações
Maxima;22/09/2022;Cotações
Maxima;23/09/2022;Cotações
Maxima;26/09/2022;Cotações
Maxima;27/09/2022;Cotações
Maxima;28/09/2022;Cotações
Maxima;29/09/2022;Cotações
Maxima;30/09/2022;Cotações
Maxima;03/10/2022;Cotações
Maxima;04/10/2022;Cotações
Maxima;05/10/2022;Cotações
Maxima;06/10/2022;Cotações
Maxima;07/10/2022;Cotações
Maxima;10/10/2022;Cotações
Maxima;11/10/2022;Cotações
Maxima;13/10/2022;Cotações
Maxima;14/10/2022;Cotações
Maxima;17/10/2022;Cotações
Maxima;18/10/2022;Cotações
Maxima;19/10/2022;Cotações
Maxima;20/10/2022;Cotações
Maxima;21/10/2022;Cotações
Maxima;24/10/2022;Cotações
Maxima;25/10/2022;Cotações
Maxima;26/10/2022;Cotações
Maxima;27/10/2022;Cotações
Maxima;28/10/2022;Cotações
Maxima;31/10/2022;Cotações
Maxima;01/11/2022;Cotações
Maxima;03/11/2022;Cotações
Maxima;04/11/2022;Cotações
Maxima;07/11/2022;Cotações
Maxima;08/11/2022;Cotações
Maxima;09/11/2022;Cotações
Maxima;10/11/2022;Cotações
Maxima;11/11/2022;Cotações
Maxima;14/11/2022;Cotações
Maxima;16/11/2022;Cotações
Maxima;17/11/2022;Cotações
Maxima;18/11/2022;Cotações
Maxima;21/11/2022;Cotações
Maxima;22/11/2022;Cotações
Maxima;23/11/2022;Cotações
Maxima;24/11/2022;Cotações
Maxima;25/11/2022;Cotações
Maxima;28/11/2022;Cotações
Maxima;29/11/2022;Cotações
Maxima;30/11/2022;Cotações
Maxima;01/12/2022;Cotações
Maxima;02/12/2022;Cotações
Maxima;05/12/2022;Cotações
Maxima;06/12/2022;Cotações
Maxima;07/12/2022;Cotações
Maxima;08/12/2022;Cotações
Maxima;09/12/2022;Cotações
Maxima;12/12/2022;Cotações
Maxima;13/12/2022;Cotações
Maxima;14/12/2022;Cotações
Maxima;15/12/2022;Cotações
Maxima;16/12/2022;Cotações
Maxima;19/12/2022;Cotações
Maxima;20/12/2022;Cotações
Maxima;21/12/2022;Cotações
Maxima;22/12/2022;Cotações
Maxima;23/12/2022;Cotações
Maxima;26/12/2022;Cotações
Maxima;27/12/2022;Cotações
Maxima;28/12/2022;Cotações
Maxima;29/12/2022;Cotações
Maxima;02/01/2023;Cotações
Maxima;03/01/2023;Cotações
Maxima;04/01/2023;Cotações
Maxima;05/01/2023;Cotações
Maxima;06/01/2023;Cotações
Maxima;09/01/2023;Cotações
Maxima;10/01/2023;Cotações
Maxima;11/01/2023;Cotações
Maxima;12/01/2023;Cotações
Maxima;13/01/2023;Cotações
Maxima;16/01/2023;Cotações
Maxima;17/01/2023;Cotações
Maxima;18/01/2023;Cotações
Maxima;19/01/2023;Cotações
Maxima;20/01/2023;Cotações
Maxima;23/01/2023;Cotações
Maxima;24/01/2023;Cotações
Maxima;25/01/2023;Cotações
Maxima;26/01/2023;Cotações
Maxima;27/01/2023;Cotações
Maxima;30/01/2023;Cotações
Maxima;31/01/2023;Cotações
Maxima;01/02/2023;Cotações
Maxima;02/02/2023;Cotações
Maxima;03/02/2023;Cotações
Maxima;06/02/2023;Cotações
Maxima;07/02/2023;Cotações
Maxima;08/02/2023;Cotações
Maxima;09/02/2023;Cotações
Maxima;10/02/2023;Cotações
Maxima;13/02/2023;Cotações
Maxima;14/02/2023;Cotações
Maxima;15/02/2023;Cotações
Maxima;16/02/2023;Cotações
Maxima;17/02/2023;Cotações
Maxima;22/02/2023;Cotações
Maxima;23/02/2023;Cotações
Maxima;24/02/2023;Cotações
Maxima;27/02/2023;Cotações
Maxima;28/02/2023;Cotações
Maxima;01/03/2023;Cotações
Maxima;02/03/2023;Cotações
Maxima;03/03/2023;Cotações
Maxima;06/03/2023;Cotações
Maxima;07/03/2023;Cotações
Maxima;08/03/2023;Cotações
Maxima;09/03/2023;Cotações
Maxima;10/03/2023;Cotações
Maxima;13/03/2023;Cotações
Maxima;14/03/2023;Cotações
Maxima;15/03/2023;Cotações
Maxima;16/03/2023;Cotações
Maxima;17/03/2023;Cotações
Maxima;20/03/2023;Cotações
Maxima;21/03/2023;Cotações
Maxima;22/03/2023;Cotações
Maxima;23/03/2023;Cotações
Maxima;24/03/2023;Cotações
Maxima;27/03/2023;Cotações
Maxima;28/03/2023;Cotações
Maxima;29/03/2023;Cotações
Maxima;30/03/2023;Cotações
Maxima;31/03/2023;Cotações
Maxima;03/04/2023;Cotações
Maxima;04/04/2023;Cotações
Maxima;05/04/2023;Cotações
Maxima;06/04/2023;Cotações
Maxima;10/04/2023;Cotações
Maxima;11/04/2023;Cotações
Maxima;12/04/2023;Cotações
Maxima;13/04/2023;Cotações
Maxima;14/04/2023;Cotações
Maxima;17/04/2023;Cotações
Maxima;18/04/2023;Cotações
Maxima;19/04/2023;Cotações
Maxima;20/04/2023;Cotações
Maxima;24/04/2023;Cotações
Maxima;25/04/2023;Cotações
Maxima;26/04/2023;Cotações
Maxima;27/04/2023;Cotações
Maxima;28/04/2023;Cotações
Maxima;02/05/2023;Cotações
Maxima;03/05/2023;Cotações
Maxima;04/05/2023;Cotações
Maxima;05/05/2023;Cotações
Maxima;08/05/2023;Cotações
Maxima;09/05/2023;Cotações
Maxima;10/05/2023;Cotações
Maxima;11/05/2023;Cotações
Maxima;12/05/2023;Cotações
Maxima;15/05/2023;Cotações
Maxima;16/05/2023;Cotações
Maxima;17/05/2023;Cotações
Maxima;18/05/2023;Cotações
Maxima;19/05/2023;Cotações
Maxima;22/05/2023;Cotações
Maxima;23/05/2023;Cotações
Maxima;24/05/2023;Cotações
Maxima;25/05/2023;Cotações
Maxima;26/05/2023;Cotações
Maxima;29/05/2023;Cotações
Maxima;30/05/2023;Cotações
Maxima;31/05/2023;Cotações
Maxima;01/06/2023;Cotações
Maxima;02/06/2023;Cotações
Maxima;05/06/2023;Cotações
Maxima;06/06/2023;Cotações
Maxima;07/06/2023;Cotações
Maxima;09/06/2023;Cotações
Maxima;12/06/2023;Cotações
Maxima;13/06/2023;Cotações
Maxima;14/06/2023;Cotações
Maxima;15/06/2023;Cotações
Maxima;16/06/2023;Cotações
Maxima;19/06/2023;Cotações
Maxima;20/06/2023;Cotações
Maxima;21/06/2023;Cotações
Maxima;22/06/2023;Cotações
Maxima;23/06/2023;Cotações
Maxima;26/06/2023;Cotações
Maxima;27/06/2023;Cotações
Maxima;28/06/2023;Cotações
Maxima;29/06/2023;Cotações
Maxima;30/06/2023;Cotações
Maxima;03/07/2023;Cotações
Maxima;04/07/2023;Cotações
Maxima;05/07/2023;Cotações
Maxima;06/07/2023;Cotações
Maxima;07/07/2023;Cotações
Maxima;10/07/2023;Cotações
Maxima;11/07/2023;Cotações
Maxima;12/07/2023;Cotações
Maxima;13/07/2023;Cotações
Maxima;14/07/2023;Cotações
Maxima;17/07/2023;Cotações
Maxima;18/07/2023;Cotações
Maxima;19/07/2023;Cotações
Maxima;20/07/2023;Cotações
Maxima;21/07/2023;Cotações
Maxima;24/07/2023;Cotações
Maxima;25/07/2023;Cotações
Maxima;26/07/2023;Cotações
Maxima;27/07/2023;Cotações
Maxima;28/07/2023;Cotações
Maxima;31/07/2023;Cotações
Maxima;01/08/2023;Cotações
Maxima;02/08/2023;Cotações
Maxima;03/08/2023;Cotações
Maxima;04/08/2023;Cotações
Maxima;07/08/2023;Cotações
Maxima;08/08/2023;Cotações
Maxima;09/08/2023;Cotações
Maxima;10/08/2023;Cotações
Maxima;11/08/2023;Cotações
Maxima;14/08/2023;Cotações
Maxima;15/08/2023;Cotações
Maxima;16/08/2023;Cotações
Maxima;17/08/2023;Cotações
Maxima;18/08/2023;Cotações
Maxima;21/08/2023;Cotações
Maxima;22/08/2023;Cotações
Maxima;23/08/2023;Cotações
Maxima;24/08/2023;Cotações
Maxima;25/08/2023;Cotações
Maxima;28/08/2023;Cotações
Maxima;29/08/2023;Cotações
Maxima;30/08/2023;Cotações
Maxima;31/08/2023;Cotações
Maxima;01/09/2023;Cotações
Maxima;04/09/2023;Cotações
Maxima;05/09/2023;Cotações
Maxima;06/09/2023;Cotações
Maxima;08/09/2023;Cotações
Maxima;11/09/2023;Cotações
Maxima;12/09/2023;Cotações
Maxima;13/09/2023;Cotações
Maxima;14/09/2023;Cotações
Maxima;15/09/2023;Cotações
Maxima;18/09/2023;Cotações
Maxima;19/09/2023;Cotações
Maxima;20/09/2023;Cotações
Maxima;21/09/2023;Cotações
Maxima;22/09/2023;Cotações
Maxima;25/09/2023;Cotações
Maxima;26/09/2023;Cotações
Maxima;27/09/2023;Cotações
Maxima;28/09/2023;Cotações
Maxima;29/09/2023;Cotações
Maxima;02/10/2023;Cotações
Maxima;03/10/2023;Cotações
Maxima;04/10/2023;Cotações
Maxima;05/10/2023;Cotações
Maxima;06/10/2023;Cotações
Maxima;09/10/2023;Cotações
Maxima;10/10/2023;Cotações
Maxima;11/10/2023;Cotações
Maxima;13/10/2023;Cotações
Maxima;16/10/2023;Cotações
Maxima;17/10/2023;Cotações
Maxima;18/10/2023;Cotações
Maxima;19/10/2023;Cotações
Maxima;20/10/2023;Cotações
Maxima;23/10/2023;Cotações
Maxima;24/10/2023;Cotações
Maxima;25/10/2023;Cotações
Maxima;26/10/2023;Cotações
Maxima;27/10/2023;Cotações
Maxima;30/10/2023;Cotações
Maxima;31/10/2023;Cotações
Maxima;01/11/2023;Cotações
Maxima;03/11/2023;Cotações
Maxima;06/11/2023;Cotações
Maxima;07/11/2023;Cotações
Maxima;08/11/2023;Cotações
Maxima;09/11/2023;Cotações
Maxima;10/11/2023;Cotações
Maxima;13/11/2023;Cotações
Maxima;14/11/2023;Cotações
Maxima;16/11/2023;Cotações
Maxima;17/11/2023;Cotações
Maxima;20/11/2023;Cotações
Maxima;21/11/2023;Cotações
Maxima;22/11/2023;Cotações
Maxima;23/11/2023;Cotações
Maxima;24/11/2023;Cotações
Maxima;27/11/2023;Cotações
Maxima;28/11/2023;Cotações
Maxima;29/11/2023;Cotações
Maxima;30/11/2023;Cotações
Maxima;01/12/2023;Cotações
Maxima;04/12/2023;Cotações
Maxima;05/12/2023;Cotações
Maxima;06/12/2023;Cotações
Maxima;07/12/2023;Cotações
Maxima;08/12/2023;Cotações
Maxima;11/12/2023;Cotações
Maxima;12/12/2023;Cotações
Maxima;13/12/2023;Cotações
Maxima;14/12/2023;Cotações
Maxima;15/12/2023;Cotações
Maxima;18/12/2023;Cotações
Maxima;19/12/2023;Cotações
Maxima;20/12/2023;Cotações
Maxima;21/12/2023;Cotações
Maxima;22/12/2023;Cotações
Maxima;26/12/2023;Cotações
Maxima;27/12/2023;Cotações
Maxima;28/12/2023;Cotações
Maxima;02/01/2024;Cotações
Maxima;03/01/2024;Cotações
Maxima;04/01/2024;Cotações
Maxima;05/01/2024;Cotações
Maxima;08/01/2024;Cotações
Maxima;09/01/2024;Cotações
Maxima;10/01/2024;Cotações
Maxima;11/01/2024;Cotações
Maxima;12/01/2024;Cotações
Maxima;15/01/2024;Cotações
Maxima;16/01/2024;Cotações
Maxima;17/01/2024;Cotações
Maxima;18/01/2024;Cotações
Maxima;19/01/2024;Cotações
Maxima;22/01/2024;Cotações
Maxima;23/01/2024;Cotações
Maxima;24/01/2024;Cotações
Maxima;25/01/2024;Cotações
Maxima;26/01/2024;Cotações
Maxima;29/01/2024;Cotações
Maxima;30/01/2024;Cotações
Maxima;31/01/2024;Cotações
Maxima;01/02/2024;Cotações
Maxima;02/02/2024;Cotações
Maxima;05/02/2024;Cotações
Maxima;06/02/2024;Cotações
Maxima;07/02/2024;Cotações
Maxima;08/02/2024;Cotações
Maxima;09/02/2024;Cotações
Maxima;14/02/2024;Cotações
Maxima;15/02/2024;Cotações
Maxima;16/02/2024;Cotações
Maxima;19/02/2024;Cotações
Maxima;20/02/2024;Cotações
Maxima;21/02/2024;Cotações
Maxima;22/02/2024;Cotações
Maxima;23/02/2024;Cotações
Maxima;26/02/2024;Cotações
Maxima;27/02/2024;Cotações
Maxima;28/02/2024;Cotações
Maxima;29/02/2024;Cotações
Maxima;01/03/2024;Cotações
Maxima;04/03/2024;Cotações
Maxima;05/03/2024;Cotações
Maxima;06/03/2024;Cotações
Maxima;07/03/2024;Cotações
Maxima;08/03/2024;Cotações
Maxima;11/03/2024;Cotações
Maxima;12/03/2024;Cotações
Maxima;13/03/2024;Cotações
Maxima;14/03/2024;Cotações
Maxima;15/03/2024;Cotações
Maxima;18/03/2024;Cotações
Maxima;19/03/2024;Cotações
Maxima;20/03/2024;Cotações
Maxima;21/03/2024;Cotações
Maxima;22/03/2024;Cotações
Maxima;25/03/2024;Cotações
Maxima;26/03/2024;Cotações
Maxima;27/03/2024;Cotações
Maxima;28/03/2024;Cotações
Maxima;01/04/2024;Cotações
Maxima;02/04/2024;Cotações
Maxima;03/04/2024;Cotações
Maxima;04/04/2024;Cotações
Maxima;05/04/2024;Cotações
Maxima;08/04/2024;Cotações
Maxima;09/04/2024;Cotações
Maxima;10/04/2024;Cotações
Maxima;11/04/2024;Cotações
Maxima;12/04/2024;Cotações
Maxima;15/04/2024;Cotações
Maxima;16/04/2024;Cotações
Maxima;17/04/2024;Cotações
Maxima;18/04/2024;Cotações
Maxima;19/04/2024;Cotações
Maxima;22/04/2024;Cotações
Maxima;23/04/2024;Cotações
Maxima;24/04/2024;Cotações
Maxima;25/04/2024;Cotações
Maxima;26/04/2024;Cotações
Maxima;29/04/2024;Cotações
Maxima;30/04/2024;Cotações
Maxima;02/05/2024;Cotações
Maxima;03/05/2024;Cotações
Maxima;06/05/2024;Cotações
Maxima;07/05/2024;Cotações
Maxima;08/05/2024;Cotações
Maxima;09/05/2024;Cotações
Maxima;10/05/2024;Cotações
Maxima;13/05/2024;Cotações
Maxima;14/05/2024;Cotações
Maxima;15/05/2024;Cotações
Maxima;16/05/2024;Cotações
Maxima;17/05/2024;Cotações
Maxima;20/05/2024;Cotações
Maxima;21/05/2024;Cotações
Maxima;22/05/2024;Cotações
Maxima;23/05/2024;Cotações
Maxima;24/05/2024;Cotações
Maxima;27/05/2024;Cotações
Maxima;28/05/2024;Cotações
Maxima;29/05/2024;Cotações
Maxima;31/05/2024;Cotações
Maxima;03/06/2024;Cotações
Maxima;04/06/2024;Cotações
Maxima;05/06/2024;Cotações
Maxima;06/06/2024;Cotações
Maxima;07/06/2024;Cotações
Maxima;10/06/2024;Cotações
Maxima;11/06/2024;Cotações
Maxima;12/06/2024;Cotações
Maxima;13/06/2024;Cotações
Maxima;14/06/2024;Cotações
Maxima;17/06/2024;Cotações
Maxima;18/06/2024;Cotações
Maxima;19/06/2024;Cotações
Maxima;20/06/2024;Cotações
Maxima;21/06/2024;Cotações
Maxima;24/06/2024;Cotações
Maxima;25/06/2024;Cotações
Maxima;26/06/2024;Cotações
Maxima;27/06/2024;Cotações
Maxima;28/06/2024;Cotações
Maxima;01/07/2024;Cotações
Maxima;02/07/2024;Cotações
Maxima;03/07/2024;Cotações
Maxima;04/07/2024;Cotações
Maxima;05/07/2024;Cotações
Maxima;08/07/2024;Cotações
Maxima;09/07/2024;Cotações
Maxima;10/07/2024;Cotações
Maxima;11/07/2024;Cotações
Maxima;12/07/2024;Cotações
Maxima;15/07/2024;Cotações
Maxima;16/07/2024;Cotações
Maxima;17/07/2024;Cotações
Maxima;18/07/2024;Cotações
Maxima;19/07/2024;Cotações
Maxima;22/07/2024;Cotações
Maxima;23/07/2024;Cotações
Maxima;24/07/2024;Cotações
Maxima;25/07/2024;Cotações
Maxima;26/07/2024;Cotações
Maxima;29/07/2024;Cotações
Maxima;30/07/2024;Cotações
Maxima;31/07/2024;Cotações
Maxima;01/08/2024;Cotações
Maxima;02/08/2024;Cotações
Maxima;05/08/2024;Cotações
Maxima;06/08/2024;Cotações
Maxima;07/08/2024;Cotações
Maxima;08/08/2024;Cotações
Maxima;09/08/2024;Cotações
Maxima;12/08/2024;Cotações
Maxima;13/08/2024;Cotações
Maxima;14/08/2024;Cotações
Maxima;15/08/2024;Cotações
Maxima;16/08/2024;Cotações
Maxima;19/08/2024;Cotações
Maxima;20/08/2024;Cotações
Maxima;21/08/2024;Cotações
Maxima;22/08/2024;Cotações
Maxima;23/08/2024;Cotações
Maxima;26/08/2024;Cotações
Maxima;27/08/2024;Cotações
Maxima;28/08/2024;Cotações
Maxima;29/08/2024;Cotações
Maxima;30/08/2024;Cotações
Maxima;02/09/2024;Cotações
Maxima;03/09/2024;Cotações
Maxima;04/09/2024;Cotações
Maxima;05/09/2024;Cotações
Maxima;06/09/2024;Cotações
Maxima;09/09/2024;Cotações
Maxima;10/09/2024;Cotações
Maxima;11/09/2024;Cotações
Maxima;12/09/2024;Cotações
Maxima;13/09/2024;Cotações
Maxima;16/09/2024;Cotações
Maxima;17/09/2024;Cotações
Maxima;18/09/2024;Cotações
Maxima;19/09/2024;Cotações
Maxima;20/09/2024;Cotações
Maxima;23/09/2024;Cotações
Maxima;24/09/2024;Cotações
Maxima;25/09/2024;Cotações
Maxima;26/09/2024;Cotações
Maxima;27/09/2024;Cotações
Maxima;30/09/2024;Cotações
Maxima;01/10/2024;Cotações
Maxima;02/10/2024;Cotações
Maxima;03/10/2024;Cotações
Maxima;04/10/2024;Cotações
Maxima;07/10/2024;Cotações
Maxima;08/10/2024;Cotações
Maxima;09/10/2024;Cotações
Maxima;10/10/2024;Cotações
Maxima;11/10/2024;Cotações
Maxima;14/10/2024;Cotações
Maxima;15/10/2024;Cotações
Maxima;16/10/2024;Cotações
Maxima;17/10/2024;Cotações
Maxima;18/10/2024;Cotações
Maxima;21/10/2024;Cotações
Maxima;22/10/2024;Cotações
Maxima;23/10/2024;Cotações
Maxima;24/10/2024;Cotações
Maxima;25/10/2024;Cotações
Maxima;28/10/2024;Cotações
Maxima;29/10/2024;Cotações
Maxima;30/10/2024;Cotações
Maxima;31/10/2024;Cotações
Maxima;01/11/2024;Cotações
Maxima;04/11/2024;Cotações
Maxima;05/11/2024;Cotações
Maxima;06/11/2024;Cotações
Maxima;07/11/2024;Cotações
Maxima;08/11/2024;Cotações
Maxima;11/11/2024;Cotações
Maxima;12/11/2024;Cotações
Maxima;13/11/2024;Cotações
Maxima;14/11/2024;Cotações
Maxima;18/11/2024;Cotações
Maxima;19/11/2024;Cotações
Maxima;21/11/2024;Cotações
Maxima;22/11/2024;Cotações
Maxima;25/11/2024;Cotações
Maxima;26/11/2024;Cotações
Maxima;27/11/2024;Cotações
Maxima;28/11/2024;Cotações
Maxima;29/11/2024;Cotações
Maxima;02/12/2024;Cotações
Maxima;03/12/2024;Cotações
Maxima;04/12/2024;Cotações
Maxima;05/12/2024;Cotações
Maxima;06/12/2024;Cotações
Maxima;09/12/2024;Cotações
Maxima;10/12/2024;Cotações
Maxima;11/12/2024;Cotações
Maxima;12/12/2024;Cotações
Maxima;13/12/2024;Cotações
Maxima;16/12/2024;Cotações
Maxima;17/12/2024;Cotações
Maxima;18/12/2024;Cotações
Maxima;19/12/2024;Cotações
Maxima;20/12/2024;Cotações
Maxima;23/12/2024;Cotações
Maxima;26/12/2024;Cotações
Maxima;27/12/2024;Cotações
Maxima;30/12/2024;Cotações
Maxima;02/01/2025;Cotações
Maxima;03/01/2025;Cotações
Maxima;06/01/2025;Cotações
Maxima;07/01/2025;Cotações
Maxima;08/01/2025;Cotações
Maxima;09/01/2025;Cotações
Maxima;10/01/2025;Cotações
Maxima;13/01/2025;Cotações
Maxima;14/01/2025;Cotações
Maxima;15/01/2025;Cotações
Maxima;16/01/2025;Cotações
Maxima;17/01/2025;Cotações
Maxima;20/01/2025;Cotações
Maxima;21/01/2025;Cotações
Maxima;22/01/2025;Cotações
Maxima;23/01/2025;Cotações
Maxima;24/01/2025;Cotações
Maxima;27/01/2025;Cotações
Maxima;28/01/2025;Cotações
Maxima;29/01/2025;Cotações
Maxima;30/01/2025;Cotações
Maxima;31/01/2025;Cotações
Maxima;03/02/2025;Cotações
Maxima;04/02/2025;Cotações
Maxima;05/02/2025;Cotações
Maxima;06/02/2025;Cotações
Maxima;07/02/2025;Cotações
Maxima;10/02/2025;Cotações
Maxima;11/02/2025;Cotações
Maxima;12/02/2025;Cotações
Maxima;13/02/2025;Cotações
Maxima;14/02/2025;Cotações
Maxima;17/02/2025;Cotações
Maxima;18/02/2025;Cotações
Maxima;19/02/2025;Cotações
Maxima;20/02/2025;Cotações
Maxima;21/02/2025;Cotações
Maxima;24/02/2025;Cotações
Maxima;25/02/2025;Cotações
Maxima;26/02/2025;Cotações
Maxima;27/02/2025;Cotações
Maxima;28/02/2025;Cotações
Maxima;05/03/2025;Cotações
Maxima;06/03/2025;Cotações
Maxima;07/03/2025;Cotações
Maxima;10/03/2025;Cotações
Maxima;11/03/2025;Cotações
Maxima;12/03/2025;Cotações
Maxima;13/03/2025;Cotações
Maxima;14/03/2025;Cotações
Maxima;17/03/2025;Cotações
Maxima;18/03/2025;Cotações
Maxima;19/03/2025;Cotações
Maxima;20/03/2025;Cotações
Maxima;21/03/2025;Cotações
Maxima;24/03/2025;Cotações
Maxima;25/03/2025;Cotações
Maxima;26/03/2025;Cotações
Maxima;27/03/2025;Cotações
Maxima;28/03/2025;Cotações
Maxima;31/03/2025;Cotações
Maxima;01/04/2025;Cotações
Maxima;02/04/2025;Cotações
Maxima;03/04/2025;Cotações
Maxima;04/04/2025;Cotações
Maxima;07/04/2025;Cotações
Maxima;08/04/2025;Cotações
Maxima;09/04/2025;Cotações
Maxima;10/04/2025;Cotações
Maxima;11/04/2025;Cotações
Maxima;14/04/2025;Cotações
Maxima;15/04/2025;Cotações
Maxima;16/04/2025;Cotações
Maxima;17/04/2025;Cotações
Maxima;22/04/2025;Cotações
Maxima;23/04/2025;Cotações
Maxima;24/04/2025;Cotações
Maxima;25/04/2025;Cotações
Maxima;28/04/2025;Cotações
Maxima;29/04/2025;Cotações
Maxima;30/04/2025;Cotações
Maxima;02/05/2025;Cotações
Maxima;05/05/2025;Cotações
Maxima;06/05/2025;Cotações
Maxima;07/05/2025;Cotações
Maxima;08/05/2025;Cotações
Maxima;09/05/2025;Cotações
Maxima;12/05/2025;Cotações
Maxima;13/05/2025;Cotações
Maxima;14/05/2025;Cotações
Maxima;15/05/2025;Cotações
Maxima;16/05/2025;Cotações
Maxima;19/05/2025;Cotações
Maxima;20/05/2025;Cotações
Maxima;21/05/2025;Cotações
Maxima;22/05/2025;Cotações
Maxima;23/05/2025;Cotações
Maxima;26/05/2025;Cotações
Maxima;27/05/2025;Cotações
Maxima;28/05/2025;Cotações
Maxima;29/05/2025;Cotações
Maxima;30/05/2025;Cotações
Maxima;02/06/2025;Cotações
Maxima;03/06/2025;Cotações
Maxima;04/06/2025;Cotações
Maxima;05/06/2025;Cotações
Maxima;06/06/2025;Cotações
Maxima;09/06/2025;Cotações
Maxima;10/06/2025;Cotações
Maxima;11/06/2025;Cotações
Maxima;12/06/2025;Cotações
Maxima;13/06/2025;Cotações
Maxima;16/06/2025;Cotações
Maxima;17/06/2025;Cotações
Maxima;18/06/2025;Cotações
Maxima;20/06/2025;Cotações
Maxima;23/06/2025;Cotações
Maxima;24/06/2025;Cotações
Maxima;25/06/2025;Cotações
Maxima;26/06/2025;Cotações
Maxima;27/06/2025;Cotações
Maxima;30/06/2025;Cotações
Maxima;01/07/2025;Cotações
Maxima;02/07/2025;Cotações
Maxima;03/07/2025;Cotações
Maxima;04/07/2025;Cotações
Maxima;07/07/2025;Cotações
Maxima;08/07/2025;Cotações
Maxima;09/07/2025;Cotações
Maxima;10/07/2025;Cotações
Maxima;11/07/2025;Cotações
Maxima;14/07/2025;Cotações
Maxima;15/07/2025;Cotações
Maxima;16/07/2025;Cotações
Maxima;17/07/2025;Cotações
Maxima;18/07/2025;Cotações
Maxima;21/07/2025;Cotações
Maxima;22/07/2025;Cotações
Maxima;23/07/2025;Cotações
Maxima;24/07/2025;Cotações
Maxima;25/07/2025;Cotações
Maxima;28/07/2025;Cotações
Maxima;29/07/2025;Cotações
Maxima;30/07/2025;Cotações
Maxima;31/07/2025;Cotações
Maxima;01/08/2025;Cotações
Maxima;04/08/2025;Cotações
Maxima;05/08/2025;Cotações
Maxima;06/08/2025;Cotações
Maxima;07/08/2025;Cotações
Maxima;08/08/2025;Cotações
Maxima;11/08/2025;Cotações
Maxima;12/08/2025;Cotações
Maxima;13/08/2025;Cotações
Maxima;14/08/2025;Cotações
Maxima;15/08/2025;Cotações
Maxima;18/08/2025;Cotações
Maxima;19/08/2025;Cotações
Maxima;20/08/2025;Cotações
Maxima;21/08/2025;Cotações
Maxima;22/08/2025;Cotações
Maxima;25/08/2025;Cotações
Maxima;26/08/2025;Cotações
Maxima;27/08/2025;Cotações
Maxima;28/08/2025;Cotações
Maxima;29/08/2025;Cotações
Maxima;01/09/2025;Cotações
Maxima;02/09/2025;Cotações
Maxima;03/09/2025;Cotações
Maxima;04/09/2025;Cotações
Maxima;05/09/2025;Cotações
Maxima;08/09/2025;Cotações
Maxima;09/09/2025;Cotações
Maxima;10/09/2025;Cotações
Maxima;11/09/2025;Cotações
Maxima;12/09/2025;Cotações
Maxima;15/09/2025;Cotações
Maxima;16/09/2025;Cotações
Maxima;17/09/2025;Cotações
Maxima;18/09/2025;Cotações
Maxima;19/09/2025;Cotações
Maxima;22/09/2025;Cotações
Maxima;23/09/2025;Cotações
Maxima;24/09/2025;Cotações
Maxima;25/09/2025;Cotações
Maxima;26/09/2025;Cotações
Maxima;29/09/2025;Cotações
Maxima;30/09/2025;Cotações
Maxima;01/10/2025;Cotações
Maxima;02/10/2025;Cotações
Maxima;03/10/2025;Cotações
Maxima;06/10/2025;Cotações
Maxima;07/10/2025;Cotações
Maxima;08/10/2025;Cotações
Maxima;09/10/2025;Cotações
Maxima;10/10/2025;Cotações
Maxima;13/10/2025;Cotações
Maxima;14/10/2025;Cotações
Maxima;15/10/2025;Cotações
Maxima;16/10/2025;Cotações
Maxima;17/10/2025;Cotações
Maxima;20/10/2025;Cotações
Maxima;21/10/2025;Cotações
Maxima;22/10/2025;Cotações
Maxima;23/10/2025;Cotações
Maxima;24/10/2025;Cotações
Maxima;27/10/2025;Cotações
Maxima;28/10/2025;Cotações
Maxima;29/10/2025;Cotações
Maxima;30/10/2025;Cotações
Maxima;31/10/2025;Cotações
Maxima;03/11/2025;Cotações
Maxima;04/11/2025;Cotações
Maxima;05/11/2025;Cotações
Maxima;06/11/2025;Cotações
Maxima;07/11/2025;Cotações
Maxima;10/11/2025;Cotações
Maxima;11/11/2025;Cotações
Maxima;12/11/2025;Cotações
Maxima;13/11/2025;Cotações
Maxima;14/11/2025;Cotações
Maxima;17/11/2025;Cotações
Maxima;18/11/2025;Cotações
Maxima;19/11/2025;Cotações
Maxima;21/11/2025;Cotações
Maxima;24/11/2025;Cotações
Maxima;25/11/2025;Cotações
Maxima;26/11/2025;Cotações
Maxima;27/11/2025;Cotações
Maxima;28/11/2025;Cotações
Maxima;01/12/2025;Cotações
Maxima;02/12/2025;Cotações
Maxima;03/12/2025;Cotações
Maxima;04/12/2025;Cotações
Maxima;05/12/2025;Cotações
Maxima;08/12/2025;Cotações
Maxima;09/12/2025;Cotações
Maxima;10/12/2025;Cotações
Maxima;11/12/2025;Cotações
Maxima;12/12/2025;Cotações
Maxima;15/12/2025;Cotações
Maxima;16/12/2025;Cotações
Maxima;17/12/2025;Cotações
Maxima;18/12/2025;Cotações
Maxima;19/12/2025;Cotações
Maxima;22/12/2025;Cotações
Maxima;23/12/2025;Cotações
Maxima;26/12/2025;Cotações
Maxima;29/12/2025;Cotações
Maxima;30/12/2025;Cotações
Maxima;02/01/2026;Cotações
Maxima;05/01/2026;Cotações
Maxima;06/01/2026;Cotações
Maxima;07/01/2026;Cotações
Maxima;08/01/2026;Cotações
Maxima;09/01/2026;Cotações
Maxima;12/01/2026;Cotações
Maxima;13/01/2026;Cotações
Maxima;14/01/2026;Cotações
Maxima;15/01/2026;Cotações
Maxima;16/01/2026;Cotações
Maxima;19/01/2026;Cotações
Maxima;20/01/2026;Cotações
Maxima;21/01/2026;Cotações
Maxima;22/01/2026;Cotações
Maxima;23/01/2026;Cotações
Maxima;26/01/2026;Cotações
Maxima;27/01/2026;Cotações
Maxima;28/01/2026;Cotações
Maxima;29/01/2026;Cotações
Maxima;30/01/2026;Cotações
Maxima;02/02/2026;Cotações
Maxima;03/02/2026;Cotações
Maxima;04/02/2026;Cotações
Maxima;05/02/2026;Cotações
Maxima;06/02/2026;Cotações
Maxima;09/02/2026;Cotações
Maxima;10/02/2026;Cotações
Maxima;11/02/2026;Cotações
Maxima;12/02/2026;Cotações
Maxima;13/02/2026;Cotações
Maxima;18/02/2026;Cotações
Maxima;19/02/2026;Cotações
Maxima;20/02/2026;Cotações
Maxima;23/02/2026;Cotações
Maxima;24/02/2026;Cotações
Maxima;25/02/2026;Cotações
Maxima;26/02/2026;Cotações
Maxima;27/02/2026;Cotações
Maxima;02/03/2026;Cotações
Maxima;03/03/2026;Cotações
Maxima;04/03/2026;Cotações
Maxima;05/03/2026;Cotações
Maxima;06/03/2026;Cotações
Maxima;09/03/2026;Cotações
Maxima;10/03/2026;Cotações
Maxima;11/03/2026;Cotações
Maxima;12/03/2026;Cotações
Maxima;13/03/2026;Cotações
Maxima;16/03/2026;Cotações
Maxima;17/03/2026;Cotações
Maxima;18/03/2026;Cotações
Maxima;19/03/2026;Cotações
Maxima;20/03/2026;Cotações
Maxima;23/03/2026;Cotações
Maxima;24/03/2026;Cotações
Maxima;25/03/2026;Cotações
Maxima;26/03/2026;Cotações
Maxima;27/03/2026;Cotações
Maxima;30/03/2026;Cotações
Maxima;31/03/2026;Cotações
Maxima;01/04/2026;Cotações
Maxima;02/04/2026;Cotações
Maxima;06/04/2026;Cotações
Maxima;07/04/2026;Cotações
Maxima;08/04/2026;Cotações
Maxima;09/04/2026;Cotações
Maxima;10/04/2026;Cotações
Maxima;13/04/2026;Cotações
Maxima;14/04/2026;Cotações
Maxima;15/04/2026;Cotações
Maxima;16/04/2026;Cotações
Maxima;17/04/2026;Cotações
Maxima;20/04/2026;Cotações
Maxima;22/04/2026;Cotações
Maxima;23/04/2026;Cotações
Maxima;24/04/2026;Cotações
Maxima;27/04/2026;Cotações
Maxima;28/04/2026;Cotações
Maxima;29/04/2026;Cotações
Maxima;30/04/2026;Cotações
Maxima;04/05/2026;Cotações
Maxima;05/05/2026;Cotações
Maxima;06/05/2026;Cotações
Maxima;07/05/2026;Cotações
Maxima;08/05/2026;Cotações
Maxima;11/05/2026;Cotações
Maxima;12/05/2026;Cotações
Maxima;13/05/2026;Cotações
Maxima;14/05/2026;Cotações
Maxima;15/05/2026;Cotações
Maxima;18/05/2026;Cotações
Maxima;19/05/2026;Cotações
Maxima;20/05/2026;Cotações
Maxima;21/05/2026;Cotações
Maxima;22/05/2026;Cotações
Maxima;25/05/2026;Cotações
Maxima;26/05/2026;Cotações
Maxima;27/05/2026;Cotações
Maxima;28/05/2026;Cotações
Maxima;29/05/2026;Cotações
Maxima;01/06/2026;Cotações
Maxima;02/06/2026;Cotações
Maxima;03/06/2026;Cotações
Maxima;05/06/2026;Cotações
Maxima;08/06/2026;Cotações
Maxima;09/06/2026;Cotações
Maxima;10/06/2026;Cotações
Maxima;11/06/2026;Cotações
Maxima;12/06/2026;Cotações
Maxima;15/06/2026;Cotações
Maxima;16/06/2026;Cotações
Maxima;17/06/2026;Cotações
Maxima;18/06/2026;Cotações
Maxima;19/06/2026;Cotações
Maxima;22/06/2026;Cotações
Maxima;23/06/2026;Cotações
Maxima;24/06/2026;Cotações
Maxima;25/06/2026;Cotações
Maxima;26/06/2026;Cotações
Maxima;29/06/2026;Cotações
Maxima;30/06/2026;Cotações
Maxima;01/07/2026;Cotações
Maxima;02/07/2026;Cotações
Maxima;03/07/2026;Cotações
Maxima;06/07/2026;Cotações
Maxima;07/07/2026;Cotações
Maxima;08/07/2026;Cotações
Maxima;09/07/2026;Cotações
Maxima;10/07/2026;Cotações
Maxima;13/07/2026;Cotações
Maxima;14/07/2026;Cotações
Maxima;15/07/2026;Cotações
Maxima;16/07/2026;Cotações
Maxima;17/07/2026;Cotações
Maxima;20/07/2026;Cotações
Maxima;21/07/2026;Cotações
Maxima;22/07/2026;Cotações
Maxima;23/07/2026;Cotações
Maxima;24/07/2026;Cotações
Maxima;27/07/2026;Cotações
Maxima;28/07/2026;Cotações
Maxima;29/07/2026;Cotações
Maxima;30/07/2026;Cotações
Maxima;31/07/2026;Cotações
Maxima;03/08/2026;Cotações
Maxima;04/08/2026;Cotações
Maxima;05/08/2026;Cotações
Maxima;06/08/2026;Cotações
Maxima;07/08/2026;Cotações
Maxima;10/08/2026;Cotações
Maxima;11/08/2026;Cotações
Maxima;12/08/2026;Cotações
Maxima;13/08/2026;Cotações
Maxima;14/08/2026;Cotações
Maxima;17/08/2026;Cotações
Maxima;18/08/2026;Cotações
Maxima;19/08/2026;Cotações
Maxima;20/08/2026;Cotações
Maxima;21/08/2026;Cotações
Maxima;24/08/2026;Cotações
Maxima;25/08/2026;Cotações
Maxima;26/08/2026;Cotações
Maxima;27/08/2026;Cotações
Maxima;28/08/2026;Cotações
Maxima;31/08/2026;Cotações
Maxima;01/09/2026;Cotações
Maxima;02/09/2026;Cotações
Maxima;03/09/2026;Cotações
Maxima;04/09/2026;Cotações
Maxima;08/09/2026;Cotações
Maxima;09/09/2026;Cotações
Maxima;10/09/2026;Cotações
Maxima;11/09/2026;Cotações
Maxima;14/09/2026;Cotações
Maxima;15/09/2026;Cotações
Maxima;16/09/2026;Cotações
Maxima;17/09/2026;Cotações
Maxima;18/09/2026;Cotações
Maxima;21/09/2026;Cotações
Maxima;22/09/2026;Cotações
Maxima;23/09/2026;Cotações
Maxima;24/09/2026;Cotações
Maxima;25/09/2026;Cotações
Minima;02/01/2018;Cotações
Minima;03/01/2018;Cotações
Minima;04/01/2018;Cotações
Minima;05/01/2018;Cotações
Minima;08/01/2018;Cotações
Minima;09/01/2018;Cotações
Minima;10/01/2018;Cotações
Minima;11/01/2018;Cotações
Minima;12/01/2018;Cotações
Minima;15/01/2018;Cotações
Minima;16/01/2018;Cotações
Minima;17/01/2018;Cotações
Minima;18/01/2018;Cotações
Minima;19/01/2018;Cotações
Minima;22/01/2018;Cotações
Minima;23/01/2018;Cotações
Minima;24/01/2018;Cotações
Minima;26/01/2018;Cotações
Minima;29/01/2018;Cotações
Minima;30/01/2018;Cotações
Minima;31/01/2018;Cotações
Minima;01/02/2018;Cotações
Minima;02/02/2018;Cotações
Minima;05/02/2018;Cotações
Minima;06/02/2018;Cotações
Minima;07/02/2018;Cotações
Minima;08/02/2018;Cotações
Minima;09/02/2018;Cotações
Minima;14/02/2018;Cotações
Minima;15/02/2018;Cotações
Minima;16/02/2018;Cotações
Minima;19/02/2018;Cotações
Minima;20/02/2018;Cotações
Minima;21/02/2018;Cotações
Minima;22/02/2018;Cotações
Minima;23/02/2018;Cotações
Minima;26/02/2018;Cotações
Minima;27/02/2018;Cotações
Minima;28/02/2018;Cotações
Minima;01/03/2018;Cotações
Minima;02/03/2018;Cotações
Minima;05/03/2018;Cotações
Minima;06/03/2018;Cotações
Minima;07/03/2018;Cotações
Minima;08/03/2018;Cotações
Minima;09/03/2018;Cotações
Minima;12/03/2018;Cotações
Minima;13/03/2018;Cotações
Minima;14/03/2018;Cotações
Minima;15/03/2018;Cotações
Minima;16/03/2018;Cotações
Minima;19/03/2018;Cotações
Minima;20/03/2018;Cotações
Minima;21/03/2018;Cotações
Minima;22/03/2018;Cotações
Minima;23/03/2018;Cotações
Minima;26/03/2018;Cotações
Minima;27/03/2018;Cotações
Minima;28/03/2018;Cotações
Minima;29/03/2018;Cotações
Minima;02/04/2018;Cotações
Minima;03/04/2018;Cotações
Minima;04/04/2018;Cotações
Minima;05/04/2018;Cotações
Minima;06/04/2018;Cotações
Minima;09/04/2018;Cotações
Minima;10/04/2018;Cotações
Minima;11/04/2018;Cotações
Minima;12/04/2018;Cotações
Minima;13/04/2018;Cotações
Minima;16/04/2018;Cotações
Minima;17/04/2018;Cotações
Minima;18/04/2018;Cotações
Minima;19/04/2018;Cotações
Minima;20/04/2018;Cotações
Minima;23/04/2018;Cotações
Minima;24/04/2018;Cotações
Minima;25/04/2018;Cotações
Minima;26/04/2018;Cotações
Minima;27/04/2018;Cotações
Minima;30/04/2018;Cotações
Minima;02/05/2018;Cotações
Minima;03/05/2018;Cotações
Minima;04/05/2018;Cotações
Minima;07/05/2018;Cotações
Minima;08/05/2018;Cotações
Minima;09/05/2018;Cotações
Minima;10/05/2018;Cotações
Minima;11/05/2018;Cotações
Minima;14/05/2018;Cotações
Minima;15/05/2018;Cotações
Minima;16/05/2018;Cotações
Minima;17/05/2018;Cotações
Minima;18/05/2018;Cotações
Minima;21/05/2018;Cotações
Minima;22/05/2018;Cotações
Minima;23/05/2018;Cotações
Minima;24/05/2018;Cotações
Minima;25/05/2018;Cotações
Minima;28/05/2018;Cotações
Minima;29/05/2018;Cotações
Minima;30/05/2018;Cotações
Minima;01/06/2018;Cotações
Minima;04/06/2018;Cotações
Minima;05/06/2018;Cotações
Minima;06/06/2018;Cotações
Minima;07/06/2018;Cotações
Minima;08/06/2018;Cotações
Minima;11/06/2018;Cotações
Minima;12/06/2018;Cotações
Minima;13/06/2018;Cotações
Minima;14/06/2018;Cotações
Minima;15/06/2018;Cotações
Minima;18/06/2018;Cotações
Minima;19/06/2018;Cotações
Minima;20/06/2018;Cotações
Minima;21/06/2018;Cotações
Minima;22/06/2018;Cotações
Minima;25/06/2018;Cotações
Minima;26/06/2018;Cotações
Minima;27/06/2018;Cotações
Minima;28/06/2018;Cotações
Minima;29/06/2018;Cotações
Minima;02/07/2018;Cotações
Minima;03/07/2018;Cotações
Minima;04/07/2018;Cotações
Minima;05/07/2018;Cotações
Minima;06/07/2018;Cotações
Minima;10/07/2018;Cotações
Minima;11/07/2018;Cotações
Minima;12/07/2018;Cotações
Minima;13/07/2018;Cotações
Minima;16/07/2018;Cotações
Minima;17/07/2018;Cotações
Minima;18/07/2018;Cotações
Minima;19/07/2018;Cotações
Minima;20/07/2018;Cotações
Minima;23/07/2018;Cotações
Minima;24/07/2018;Cotações
Minima;25/07/2018;Cotações
Minima;26/07/2018;Cotações
Minima;27/07/2018;Cotações
Minima;30/07/2018;Cotações
Minima;31/07/2018;Cotações
Minima;01/08/2018;Cotações
Minima;02/08/2018;Cotações
Minima;03/08/2018;Cotações
Minima;06/08/2018;Cotações
Minima;07/08/2018;Cotações
Minima;08/08/2018;Cotações
Minima;09/08/2018;Cotações
Minima;10/08/2018;Cotações
Minima;13/08/2018;Cotações
Minima;14/08/2018;Cotações
Minima;15/08/2018;Cotações
Minima;16/08/2018;Cotações
Minima;17/08/2018;Cotações
Minima;20/08/2018;Cotações
Minima;21/08/2018;Cotações
Minima;22/08/2018;Cotações
Minima;23/08/2018;Cotações
Minima;24/08/2018;Cotações
Minima;27/08/2018;Cotações
Minima;28/08/2018;Cotações
Minima;29/08/2018;Cotações
Minima;30/08/2018;Cotações
Minima;31/08/2018;Cotações
Minima;03/09/2018;Cotações
Minima;04/09/2018;Cotações
Minima;05/09/2018;Cotações
Minima;06/09/2018;Cotações
Minima;10/09/2018;Cotações
Minima;11/09/2018;Cotações
Minima;12/09/2018;Cotações
Minima;13/09/2018;Cotações
Minima;14/09/2018;Cotações
Minima;17/09/2018;Cotações
Minima;18/09/2018;Cotações
Minima;19/09/2018;Cotações
Minima;20/09/2018;Cotações
Minima;21/09/2018;Cotações
Minima;24/09/2018;Cotações
Minima;25/09/2018;Cotações
Minima;26/09/2018;Cotações
Minima;27/09/2018;Cotações
Minima;28/09/2018;Cotações
Minima;01/10/2018;Cotações
Minima;02/10/2018;Cotações
Minima;03/10/2018;Cotações
Minima;04/10/2018;Cotações
Minima;05/10/2018;Cotações
Minima;08/10/2018;Cotações
Minima;09/10/2018;Cotações
Minima;10/10/2018;Cotações
Minima;11/10/2018;Cotações
Minima;15/10/2018;Cotações
Minima;16/10/2018;Cotações
Minima;17/10/2018;Cotações
Minima;18/10/2018;Cotações
Minima;19/10/2018;Cotações
Minima;22/10/2018;Cotações
Minima;23/10/2018;Cotações
Minima;24/10/2018;Cotações
Minima;25/10/2018;Cotações
Minima;26/10/2018;Cotações
Minima;29/10/2018;Cotações
Minima;30/10/2018;Cotações
Minima;31/10/2018;Cotações
Minima;01/11/2018;Cotações
Minima;05/11/2018;Cotações
Minima;06/11/2018;Cotações
Minima;07/11/2018;Cotações
Minima;08/11/2018;Cotações
Minima;09/11/2018;Cotações
Minima;12/11/2018;Cotações
Minima;13/11/2018;Cotações
Minima;14/11/2018;Cotações
Minima;16/11/2018;Cotações
Minima;19/11/2018;Cotações
Minima;21/11/2018;Cotações
Minima;22/11/2018;Cotações
Minima;23/11/2018;Cotações
Minima;26/11/2018;Cotações
Minima;27/11/2018;Cotações
Minima;28/11/2018;Cotações
Minima;29/11/2018;Cotações
Minima;30/11/2018;Cotações
Minima;03/12/2018;Cotações
Minima;04/12/2018;Cotações
Minima;05/12/2018;Cotações
Minima;06/12/2018;Cotações
Minima;07/12/2018;Cotações
Minima;10/12/2018;Cotações
Minima;11/12/2018;Cotações
Minima;12/12/2018;Cotações
Minima;13/12/2018;Cotações
Minima;14/12/2018;Cotações
Minima;17/12/2018;Cotações
Minima;18/12/2018;Cotações
Minima;19/12/2018;Cotações
Minima;20/12/2018;Cotações
Minima;21/12/2018;Cotações
Minima;26/12/2018;Cotações
Minima;27/12/2018;Cotações
Minima;28/12/2018;Cotações
Minima;02/01/2019;Cotações
Minima;03/01/2019;Cotações
Minima;04/01/2019;Cotações
Minima;07/01/2019;Cotações
Minima;08/01/2019;Cotações
Minima;09/01/2019;Cotações
Minima;10/01/2019;Cotações
Minima;11/01/2019;Cotações
Minima;14/01/2019;Cotações
Minima;15/01/2019;Cotações
Minima;16/01/2019;Cotações
Minima;17/01/2019;Cotações
Minima;18/01/2019;Cotações
Minima;21/01/2019;Cotações
Minima;22/01/2019;Cotações
Minima;23/01/2019;Cotações
Minima;24/01/2019;Cotações
Minima;28/01/2019;Cotações
Minima;29/01/2019;Cotações
Minima;30/01/2019;Cotações
Minima;31/01/2019;Cotações
Minima;01/02/2019;Cotações
Minima;04/02/2019;Cotações
Minima;05/02/2019;Cotações
Minima;06/02/2019;Cotações
Minima;07/02/2019;Cotações
Minima;08/02/2019;Cotações
Minima;11/02/2019;Cotações
Minima;12/02/2019;Cotações
Minima;13/02/2019;Cotações
Minima;14/02/2019;Cotações
Minima;15/02/2019;Cotações
Minima;18/02/2019;Cotações
Minima;19/02/2019;Cotações
Minima;20/02/2019;Cotações
Minima;21/02/2019;Cotações
Minima;22/02/2019;Cotações
Minima;25/02/2019;Cotações
Minima;26/02/2019;Cotações
Minima;27/02/2019;Cotações
Minima;28/02/2019;Cotações
Minima;01/03/2019;Cotações
Minima;06/03/2019;Cotações
Minima;07/03/2019;Cotações
Minima;08/03/2019;Cotações
Minima;11/03/2019;Cotações
Minima;12/03/2019;Cotações
Minima;13/03/2019;Cotações
Minima;14/03/2019;Cotações
Minima;15/03/2019;Cotações
Minima;18/03/2019;Cotações
Minima;19/03/2019;Cotações
Minima;20/03/2019;Cotações
Minima;21/03/2019;Cotações
Minima;22/03/2019;Cotações
Minima;25/03/2019;Cotações
Minima;26/03/2019;Cotações
Minima;27/03/2019;Cotações
Minima;28/03/2019;Cotações
Minima;29/03/2019;Cotações
Minima;01/04/2019;Cotações
Minima;02/04/2019;Cotações
Minima;03/04/2019;Cotações
Minima;04/04/2019;Cotações
Minima;05/04/2019;Cotações
Minima;08/04/2019;Cotações
Minima;09/04/2019;Cotações
Minima;10/04/2019;Cotações
Minima;11/04/2019;Cotações
Minima;12/04/2019;Cotações
Minima;15/04/2019;Cotações
Minima;16/04/2019;Cotações
Minima;17/04/2019;Cotações
Minima;18/04/2019;Cotações
Minima;22/04/2019;Cotações
Minima;23/04/2019;Cotações
Minima;24/04/2019;Cotações
Minima;25/04/2019;Cotações
Minima;26/04/2019;Cotações
Minima;29/04/2019;Cotações
Minima;30/04/2019;Cotações
Minima;02/05/2019;Cotações
Minima;03/05/2019;Cotações
Minima;06/05/2019;Cotações
Minima;07/05/2019;Cotações
Minima;08/05/2019;Cotações
Minima;09/05/2019;Cotações
Minima;10/05/2019;Cotações
Minima;13/05/2019;Cotações
Minima;14/05/2019;Cotações
Minima;15/05/2019;Cotações
Minima;16/05/2019;Cotações
Minima;17/05/2019;Cotações
Minima;20/05/2019;Cotações
Minima;21/05/2019;Cotações
Minima;22/05/2019;Cotações
Minima;23/05/2019;Cotações
Minima;24/05/2019;Cotações
Minima;27/05/2019;Cotações
Minima;28/05/2019;Cotações
Minima;29/05/2019;Cotações
Minima;30/05/2019;Cotações
Minima;31/05/2019;Cotações
Minima;03/06/2019;Cotações
Minima;04/06/2019;Cotações
Minima;05/06/2019;Cotações
Minima;06/06/2019;Cotações
Minima;07/06/2019;Cotações
Minima;10/06/2019;Cotações
Minima;11/06/2019;Cotações
Minima;12/06/2019;Cotações
Minima;13/06/2019;Cotações
Minima;14/06/2019;Cotações
Minima;17/06/2019;Cotações
Minima;18/06/2019;Cotações
Minima;19/06/2019;Cotações
Minima;21/06/2019;Cotações
Minima;24/06/2019;Cotações
Minima;25/06/2019;Cotações
Minima;26/06/2019;Cotações
Minima;27/06/2019;Cotações
Minima;28/06/2019;Cotações
Minima;01/07/2019;Cotações
Minima;02/07/2019;Cotações
Minima;03/07/2019;Cotações
Minima;04/07/2019;Cotações
Minima;05/07/2019;Cotações
Minima;08/07/2019;Cotações
Minima;10/07/2019;Cotações
Minima;11/07/2019;Cotações
Minima;12/07/2019;Cotações
Minima;15/07/2019;Cotações
Minima;16/07/2019;Cotações
Minima;17/07/2019;Cotações
Minima;18/07/2019;Cotações
Minima;19/07/2019;Cotações
Minima;22/07/2019;Cotações
Minima;23/07/2019;Cotações
Minima;24/07/2019;Cotações
Minima;25/07/2019;Cotações
Minima;26/07/2019;Cotações
Minima;29/07/2019;Cotações
Minima;30/07/2019;Cotações
Minima;31/07/2019;Cotações
Minima;01/08/2019;Cotações
Minima;02/08/2019;Cotações
Minima;05/08/2019;Cotações
Minima;06/08/2019;Cotações
Minima;07/08/2019;Cotações
Minima;08/08/2019;Cotações
Minima;09/08/2019;Cotações
Minima;12/08/2019;Cotações
Minima;13/08/2019;Cotações
Minima;14/08/2019;Cotações
Minima;15/08/2019;Cotações
Minima;16/08/2019;Cotações
Minima;19/08/2019;Cotações
Minima;20/08/2019;Cotações
Minima;21/08/2019;Cotações
Minima;22/08/2019;Cotações
Minima;23/08/2019;Cotações
Minima;26/08/2019;Cotações
Minima;27/08/2019;Cotações
Minima;28/08/2019;Cotações
Minima;29/08/2019;Cotações
Minima;30/08/2019;Cotações
Minima;02/09/2019;Cotações
Minima;03/09/2019;Cotações
Minima;04/09/2019;Cotações
Minima;05/09/2019;Cotações
Minima;06/09/2019;Cotações
Minima;09/09/2019;Cotações
Minima;10/09/2019;Cotações
Minima;11/09/2019;Cotações
Minima;12/09/2019;Cotações
Minima;13/09/2019;Cotações
Minima;16/09/2019;Cotações
Minima;17/09/2019;Cotações
Minima;18/09/2019;Cotações
Minima;19/09/2019;Cotações
Minima;20/09/2019;Cotações
Minima;23/09/2019;Cotações
Minima;24/09/2019;Cotações
Minima;25/09/2019;Cotações
Minima;26/09/2019;Cotações
Minima;27/09/2019;Cotações
Minima;30/09/2019;Cotações
Minima;01/10/2019;Cotações
Minima;02/10/2019;Cotações
Minima;03/10/2019;Cotações
Minima;04/10/2019;Cotações
Minima;07/10/2019;Cotações
Minima;08/10/2019;Cotações
Minima;09/10/2019;Cotações
Minima;10/10/2019;Cotações
Minima;11/10/2019;Cotações
Minima;14/10/2019;Cotações
Minima;15/10/2019;Cotações
Minima;16/10/2019;Cotações
Minima;17/10/2019;Cotações
Minima;18/10/2019;Cotações
Minima;21/10/2019;Cotações
Minima;22/10/2019;Cotações
Minima;23/10/2019;Cotações
Minima;24/10/2019;Cotações
Minima;25/10/2019;Cotações
Minima;28/10/2019;Cotações
Minima;29/10/2019;Cotações
Minima;30/10/2019;Cotações
Minima;31/10/2019;Cotações
Minima;01/11/2019;Cotações
Minima;04/11/2019;Cotações
Minima;05/11/2019;Cotações
Minima;06/11/2019;Cotações
Minima;07/11/2019;Cotações
Minima;08/11/2019;Cotações
Minima;11/11/2019;Cotações
Minima;12/11/2019;Cotações
Minima;13/11/2019;Cotações
Minima;14/11/2019;Cotações
Minima;18/11/2019;Cotações
Minima;19/11/2019;Cotações
Minima;21/11/2019;Cotações
Minima;22/11/2019;Cotações
Minima;25/11/2019;Cotações
Minima;26/11/2019;Cotações
Minima;27/11/2019;Cotações
Minima;28/11/2019;Cotações
Minima;29/11/2019;Cotações
Minima;02/12/2019;Cotações
Minima;03/12/2019;Cotações
Minima;04/12/2019;Cotações
Minima;05/12/2019;Cotações
Minima;06/12/2019;Cotações
Minima;09/12/2019;Cotações
Minima;10/12/2019;Cotações
Minima;11/12/2019;Cotações
Minima;12/12/2019;Cotações
Minima;13/12/2019;Cotações
Minima;16/12/2019;Cotações
Minima;17/12/2019;Cotações
Minima;18/12/2019;Cotações
Minima;19/12/2019;Cotações
Minima;20/12/2019;Cotações
Minima;23/12/2019;Cotações
Minima;26/12/2019;Cotações
Minima;27/12/2019;Cotações
Minima;30/12/2019;Cotações
Minima;02/01/2020;Cotações
Minima;03/01/2020;Cotações
Minima;06/01/2020;Cotações
Minima;07/01/2020;Cotações
Minima;08/01/2020;Cotações
Minima;09/01/2020;Cotações
Minima;10/01/2020;Cotações
Minima;13/01/2020;Cotações
Minima;14/01/2020;Cotações
Minima;15/01/2020;Cotações
Minima;16/01/2020;Cotações
Minima;17/01/2020;Cotações
Minima;20/01/2020;Cotações
Minima;21/01/2020;Cotações
Minima;22/01/2020;Cotações
Minima;23/01/2020;Cotações
Minima;24/01/2020;Cotações
Minima;27/01/2020;Cotações
Minima;28/01/2020;Cotações
Minima;29/01/2020;Cotações
Minima;30/01/2020;Cotações
Minima;31/01/2020;Cotações
Minima;03/02/2020;Cotações
Minima;04/02/2020;Cotações
Minima;05/02/2020;Cotações
Minima;06/02/2020;Cotações
Minima;07/02/2020;Cotações
Minima;10/02/2020;Cotações
Minima;11/02/2020;Cotações
Minima;12/02/2020;Cotações
Minima;13/02/2020;Cotações
Minima;14/02/2020;Cotações
Minima;17/02/2020;Cotações
Minima;18/02/2020;Cotações
Minima;19/02/2020;Cotações
Minima;20/02/2020;Cotações
Minima;21/02/2020;Cotações
Minima;26/02/2020;Cotações
Minima;27/02/2020;Cotações
Minima;28/02/2020;Cotações
Minima;02/03/2020;Cotações
Minima;03/03/2020;Cotações
Minima;04/03/2020;Cotações
Minima;05/03/2020;Cotações
Minima;06/03/2020;Cotações
Minima;09/03/2020;Cotações
Minima;10/03/2020;Cotações
Minima;11/03/2020;Cotações
Minima;12/03/2020;Cotações
Minima;13/03/2020;Cotações
Minima;16/03/2020;Cotações
Minima;17/03/2020;Cotações
Minima;18/03/2020;Cotações
Minima;19/03/2020;Cotações
Minima;20/03/2020;Cotações
Minima;23/03/2020;Cotações
Minima;24/03/2020;Cotações
Minima;25/03/2020;Cotações
Minima;26/03/2020;Cotações
Minima;27/03/2020;Cotações
Minima;30/03/2020;Cotações
Minima;31/03/2020;Cotações
Minima;01/04/2020;Cotações
Minima;02/04/2020;Cotações
Minima;03/04/2020;Cotações
Minima;06/04/2020;Cotações
Minima;07/04/2020;Cotações
Minima;08/04/2020;Cotações
Minima;09/04/2020;Cotações
Minima;13/04/2020;Cotações
Minima;14/04/2020;Cotações
Minima;15/04/2020;Cotações
Minima;16/04/2020;Cotações
Minima;17/04/2020;Cotações
Minima;20/04/2020;Cotações
Minima;22/04/2020;Cotações
Minima;23/04/2020;Cotações
Minima;24/04/2020;Cotações
Minima;27/04/2020;Cotações
Minima;28/04/2020;Cotações
Minima;29/04/2020;Cotações
Minima;30/04/2020;Cotações
Minima;04/05/2020;Cotações
Minima;05/05/2020;Cotações
Minima;06/05/2020;Cotações
Minima;07/05/2020;Cotações
Minima;08/05/2020;Cotações
Minima;11/05/2020;Cotações
Minima;12/05/2020;Cotações
Minima;13/05/2020;Cotações
Minima;14/05/2020;Cotações
Minima;15/05/2020;Cotações
Minima;18/05/2020;Cotações
Minima;19/05/2020;Cotações
Minima;20/05/2020;Cotações
Minima;21/05/2020;Cotações
Minima;22/05/2020;Cotações
Minima;25/05/2020;Cotações
Minima;26/05/2020;Cotações
Minima;27/05/2020;Cotações
Minima;28/05/2020;Cotações
Minima;29/05/2020;Cotações
Minima;01/06/2020;Cotações
Minima;02/06/2020;Cotações
Minima;03/06/2020;Cotações
Minima;04/06/2020;Cotações
Minima;05/06/2020;Cotações
Minima;08/06/2020;Cotações
Minima;09/06/2020;Cotações
Minima;10/06/2020;Cotações
Minima;12/06/2020;Cotações
Minima;15/06/2020;Cotações
Minima;16/06/2020;Cotações
Minima;17/06/2020;Cotações
Minima;18/06/2020;Cotações
Minima;19/06/2020;Cotações
Minima;22/06/2020;Cotações
Minima;23/06/2020;Cotações
Minima;24/06/2020;Cotações
Minima;25/06/2020;Cotações
Minima;26/06/2020;Cotações
Minima;29/06/2020;Cotações
Minima;30/06/2020;Cotações
Minima;01/07/2020;Cotações
Minima;02/07/2020;Cotações
Minima;03/07/2020;Cotações
Minima;06/07/2020;Cotações
Minima;07/07/2020;Cotações
Minima;08/07/2020;Cotações
Minima;09/07/2020;Cotações
Minima;10/07/2020;Cotações
Minima;13/07/2020;Cotações
Minima;14/07/2020;Cotações
Minima;15/07/2020;Cotações
Minima;16/07/2020;Cotações
Minima;17/07/2020;Cotações
Minima;20/07/2020;Cotações
Minima;21/07/2020;Cotações
Minima;22/07/2020;Cotações
Minima;23/07/2020;Cotações
Minima;24/07/2020;Cotações
Minima;27/07/2020;Cotações
Minima;28/07/2020;Cotações
Minima;29/07/2020;Cotações
Minima;30/07/2020;Cotações
Minima;31/07/2020;Cotações
Minima;03/08/2020;Cotações
Minima;04/08/2020;Cotações
Minima;05/08/2020;Cotações
Minima;06/08/2020;Cotações
Minima;07/08/2020;Cotações
Minima;10/08/2020;Cotações
Minima;11/08/2020;Cotações
Minima;12/08/2020;Cotações
Minima;13/08/2020;Cotações
Minima;14/08/2020;Cotações
Minima;17/08/2020;Cotações
Minima;18/08/2020;Cotações
Minima;19/08/2020;Cotações
Minima;20/08/2020;Cotações
Minima;21/08/2020;Cotações
Minima;24/08/2020;Cotações
Minima;25/08/2020;Cotações
Minima;26/08/2020;Cotações
Minima;27/08/2020;Cotações
Minima;28/08/2020;Cotações
Minima;31/08/2020;Cotações
Minima;01/09/2020;Cotações
Minima;02/09/2020;Cotações
Minima;03/09/2020;Cotações
Minima;04/09/2020;Cotações
Minima;08/09/2020;Cotações
Minima;09/09/2020;Cotações
Minima;10/09/2020;Cotações
Minima;11/09/2020;Cotações
Minima;14/09/2020;Cotações
Minima;15/09/2020;Cotações
Minima;16/09/2020;Cotações
Minima;17/09/2020;Cotações
Minima;18/09/2020;Cotações
Minima;21/09/2020;Cotações
Minima;22/09/2020;Cotações
Minima;23/09/2020;Cotações
Minima;24/09/2020;Cotações
Minima;25/09/2020;Cotações
Minima;28/09/2020;Cotações
Minima;29/09/2020;Cotações
Minima;30/09/2020;Cotações
Minima;01/10/2020;Cotações
Minima;02/10/2020;Cotações
Minima;05/10/2020;Cotações
Minima;06/10/2020;Cotações
Minima;07/10/2020;Cotações
Minima;08/10/2020;Cotações
Minima;09/10/2020;Cotações
Minima;13/10/2020;Cotações
Minima;14/10/2020;Cotações
Minima;15/10/2020;Cotações
Minima;16/10/2020;Cotações
Minima;19/10/2020;Cotações
Minima;20/10/2020;Cotações
Minima;21/10/2020;Cotações
Minima;22/10/2020;Cotações
Minima;23/10/2020;Cotações
Minima;26/10/2020;Cotações
Minima;27/10/2020;Cotações
Minima;28/10/2020;Cotações
Minima;29/10/2020;Cotações
Minima;30/10/2020;Cotações
Minima;03/11/2020;Cotações
Minima;04/11/2020;Cotações
Minima;05/11/2020;Cotações
Minima;06/11/2020;Cotações
Minima;09/11/2020;Cotações
Minima;10/11/2020;Cotações
Minima;11/11/2020;Cotações
Minima;12/11/2020;Cotações
Minima;13/11/2020;Cotações
Minima;16/11/2020;Cotações
Minima;17/11/2020;Cotações
Minima;18/11/2020;Cotações
Minima;19/11/2020;Cotações
Minima;20/11/2020;Cotações
Minima;23/11/2020;Cotações
Minima;24/11/2020;Cotações
Minima;25/11/2020;Cotações
Minima;26/11/2020;Cotações
Minima;27/11/2020;Cotações
Minima;30/11/2020;Cotações
Minima;01/12/2020;Cotações
Minima;02/12/2020;Cotações
Minima;03/12/2020;Cotações
Minima;04/12/2020;Cotações
Minima;07/12/2020;Cotações
Minima;08/12/2020;Cotações
Minima;09/12/2020;Cotações
Minima;10/12/2020;Cotações
Minima;11/12/2020;Cotações
Minima;14/12/2020;Cotações
Minima;15/12/2020;Cotações
Minima;16/12/2020;Cotações
Minima;17/12/2020;Cotações
Minima;18/12/2020;Cotações
Minima;21/12/2020;Cotações
Minima;22/12/2020;Cotações
Minima;23/12/2020;Cotações
Minima;28/12/2020;Cotações
Minima;29/12/2020;Cotações
Minima;30/12/2020;Cotações
Minima;04/01/2021;Cotações
Minima;05/01/2021;Cotações
Minima;06/01/2021;Cotações
Minima;07/01/2021;Cotações
Minima;08/01/2021;Cotações
Minima;11/01/2021;Cotações
Minima;12/01/2021;Cotações
Minima;13/01/2021;Cotações
Minima;14/01/2021;Cotações
Minima;15/01/2021;Cotações
Minima;18/01/2021;Cotações
Minima;19/01/2021;Cotações
Minima;20/01/2021;Cotações
Minima;21/01/2021;Cotações
Minima;22/01/2021;Cotações
Minima;26/01/2021;Cotações
Minima;27/01/2021;Cotações
Minima;28/01/2021;Cotações
Minima;29/01/2021;Cotações
Minima;01/02/2021;Cotações
Minima;02/02/2021;Cotações
Minima;03/02/2021;Cotações
Minima;04/02/2021;Cotações
Minima;05/02/2021;Cotações
Minima;08/02/2021;Cotações
Minima;09/02/2021;Cotações
Minima;10/02/2021;Cotações
Minima;11/02/2021;Cotações
Minima;12/02/2021;Cotações
Minima;17/02/2021;Cotações
Minima;18/02/2021;Cotações
Minima;19/02/2021;Cotações
Minima;22/02/2021;Cotações
Minima;23/02/2021;Cotações
Minima;24/02/2021;Cotações
Minima;25/02/2021;Cotações
Minima;26/02/2021;Cotações
Minima;01/03/2021;Cotações
Minima;02/03/2021;Cotações
Minima;03/03/2021;Cotações
Minima;04/03/2021;Cotações
Minima;05/03/2021;Cotações
Minima;08/03/2021;Cotações
Minima;09/03/2021;Cotações
Minima;10/03/2021;Cotações
Minima;11/03/2021;Cotações
Minima;12/03/2021;Cotações
Minima;15/03/2021;Cotações
Minima;16/03/2021;Cotações
Minima;17/03/2021;Cotações
Minima;18/03/2021;Cotações
Minima;19/03/2021;Cotações
Minima;22/03/2021;Cotações
Minima;23/03/2021;Cotações
Minima;24/03/2021;Cotações
Minima;25/03/2021;Cotações
Minima;26/03/2021;Cotações
Minima;29/03/2021;Cotações
Minima;30/03/2021;Cotações
Minima;31/03/2021;Cotações
Minima;01/04/2021;Cotações
Minima;05/04/2021;Cotações
Minima;06/04/2021;Cotações
Minima;07/04/2021;Cotações
Minima;08/04/2021;Cotações
Minima;09/04/2021;Cotações
Minima;12/04/2021;Cotações
Minima;13/04/2021;Cotações
Minima;14/04/2021;Cotações
Minima;15/04/2021;Cotações
Minima;16/04/2021;Cotações
Minima;19/04/2021;Cotações
Minima;20/04/2021;Cotações
Minima;22/04/2021;Cotações
Minima;23/04/2021;Cotações
Minima;26/04/2021;Cotações
Minima;27/04/2021;Cotações
Minima;28/04/2021;Cotações
Minima;29/04/2021;Cotações
Minima;30/04/2021;Cotações
Minima;03/05/2021;Cotações
Minima;04/05/2021;Cotações
Minima;05/05/2021;Cotações
Minima;06/05/2021;Cotações
Minima;07/05/2021;Cotações
Minima;10/05/2021;Cotações
Minima;11/05/2021;Cotações
Minima;12/05/2021;Cotações
Minima;13/05/2021;Cotações
Minima;14/05/2021;Cotações
Minima;17/05/2021;Cotações
Minima;18/05/2021;Cotações
Minima;19/05/2021;Cotações
Minima;20/05/2021;Cotações
Minima;21/05/2021;Cotações
Minima;24/05/2021;Cotações
Minima;25/05/2021;Cotações
Minima;26/05/2021;Cotações
Minima;27/05/2021;Cotações
Minima;28/05/2021;Cotações
Minima;31/05/2021;Cotações
Minima;01/06/2021;Cotações
Minima;02/06/2021;Cotações
Minima;04/06/2021;Cotações
Minima;07/06/2021;Cotações
Minima;08/06/2021;Cotações
Minima;09/06/2021;Cotações
Minima;10/06/2021;Cotações
Minima;11/06/2021;Cotações
Minima;14/06/2021;Cotações
Minima;15/06/2021;Cotações
Minima;16/06/2021;Cotações
Minima;17/06/2021;Cotações
Minima;18/06/2021;Cotações
Minima;21/06/2021;Cotações
Minima;22/06/2021;Cotações
Minima;23/06/2021;Cotações
Minima;24/06/2021;Cotações
Minima;25/06/2021;Cotações
Minima;28/06/2021;Cotações
Minima;29/06/2021;Cotações
Minima;30/06/2021;Cotações
Minima;01/07/2021;Cotações
Minima;02/07/2021;Cotações
Minima;05/07/2021;Cotações
Minima;06/07/2021;Cotações
Minima;07/07/2021;Cotações
Minima;08/07/2021;Cotações
Minima;12/07/2021;Cotações
Minima;13/07/2021;Cotações
Minima;14/07/2021;Cotações
Minima;15/07/2021;Cotações
Minima;16/07/2021;Cotações
Minima;19/07/2021;Cotações
Minima;20/07/2021;Cotações
Minima;21/07/2021;Cotações
Minima;22/07/2021;Cotações
Minima;23/07/2021;Cotações
Minima;26/07/2021;Cotações
Minima;27/07/2021;Cotações
Minima;28/07/2021;Cotações
Minima;29/07/2021;Cotações
Minima;30/07/2021;Cotações
Minima;02/08/2021;Cotações
Minima;03/08/2021;Cotações
Minima;04/08/2021;Cotações
Minima;05/08/2021;Cotações
Minima;06/08/2021;Cotações
Minima;09/08/2021;Cotações
Minima;10/08/2021;Cotações
Minima;11/08/2021;Cotações
Minima;12/08/2021;Cotações
Minima;13/08/2021;Cotações
Minima;16/08/2021;Cotações
Minima;17/08/2021;Cotações
Minima;18/08/2021;Cotações
Minima;19/08/2021;Cotações
Minima;20/08/2021;Cotações
Minima;23/08/2021;Cotações
Minima;24/08/2021;Cotações
Minima;25/08/2021;Cotações
Minima;26/08/2021;Cotações
Minima;27/08/2021;Cotações
Minima;30/08/2021;Cotações
Minima;31/08/2021;Cotações
Minima;01/09/2021;Cotações
Minima;02/09/2021;Cotações
Minima;03/09/2021;Cotações
Minima;06/09/2021;Cotações
Minima;08/09/2021;Cotações
Minima;09/09/2021;Cotações
Minima;10/09/2021;Cotações
Minima;13/09/2021;Cotações
Minima;14/09/2021;Cotações
Minima;15/09/2021;Cotações
Minima;16/09/2021;Cotações
Minima;17/09/2021;Cotações
Minima;20/09/2021;Cotações
Minima;21/09/2021;Cotações
Minima;22/09/2021;Cotações
Minima;23/09/2021;Cotações
Minima;24/09/2021;Cotações
Minima;27/09/2021;Cotações
Minima;28/09/2021;Cotações
Minima;29/09/2021;Cotações
Minima;30/09/2021;Cotações
Minima;01/10/2021;Cotações
Minima;04/10/2021;Cotações
Minima;05/10/2021;Cotações
Minima;06/10/2021;Cotações
Minima;07/10/2021;Cotações
Minima;08/10/2021;Cotações
Minima;11/10/2021;Cotações
Minima;13/10/2021;Cotações
Minima;14/10/2021;Cotações
Minima;15/10/2021;Cotações
Minima;18/10/2021;Cotações
Minima;19/10/2021;Cotações
Minima;20/10/2021;Cotações
Minima;21/10/2021;Cotações
Minima;22/10/2021;Cotações
Minima;25/10/2021;Cotações
Minima;26/10/2021;Cotações
Minima;27/10/2021;Cotações
Minima;28/10/2021;Cotações
Minima;29/10/2021;Cotações
Minima;01/11/2021;Cotações
Minima;03/11/2021;Cotações
Minima;04/11/2021;Cotações
Minima;05/11/2021;Cotações
Minima;08/11/2021;Cotações
Minima;09/11/2021;Cotações
Minima;10/11/2021;Cotações
Minima;11/11/2021;Cotações
Minima;12/11/2021;Cotações
Minima;16/11/2021;Cotações
Minima;17/11/2021;Cotações
Minima;18/11/2021;Cotações
Minima;19/11/2021;Cotações
Minima;22/11/2021;Cotações
Minima;23/11/2021;Cotações
Minima;24/11/2021;Cotações
Minima;25/11/2021;Cotações
Minima;26/11/2021;Cotações
Minima;29/11/2021;Cotações
Minima;30/11/2021;Cotações
Minima;01/12/2021;Cotações
Minima;02/12/2021;Cotações
Minima;03/12/2021;Cotações
Minima;06/12/2021;Cotações
Minima;07/12/2021;Cotações
Minima;08/12/2021;Cotações
Minima;09/12/2021;Cotações
Minima;10/12/2021;Cotações
Minima;13/12/2021;Cotações
Minima;14/12/2021;Cotações
Minima;15/12/2021;Cotações
Minima;16/12/2021;Cotações
Minima;17/12/2021;Cotações
Minima;20/12/2021;Cotações
Minima;21/12/2021;Cotações
Minima;22/12/2021;Cotações
Minima;23/12/2021;Cotações
Minima;27/12/2021;Cotações
Minima;28/12/2021;Cotações
Minima;29/12/2021;Cotações
Minima;30/12/2021;Cotações
Minima;03/01/2022;Cotações
Minima;04/01/2022;Cotações
Minima;05/01/2022;Cotações
Minima;06/01/2022;Cotações
Minima;07/01/2022;Cotações
Minima;10/01/2022;Cotações
Minima;11/01/2022;Cotações
Minima;12/01/2022;Cotações
Minima;13/01/2022;Cotações
Minima;14/01/2022;Cotações
Minima;17/01/2022;Cotações
Minima;18/01/2022;Cotações
Minima;19/01/2022;Cotações
Minima;20/01/2022;Cotações
Minima;21/01/2022;Cotações
Minima;24/01/2022;Cotações
Minima;25/01/2022;Cotações
Minima;26/01/2022;Cotações
Minima;27/01/2022;Cotações
Minima;28/01/2022;Cotações
Minima;31/01/2022;Cotações
Minima;01/02/2022;Cotações
Minima;02/02/2022;Cotações
Minima;03/02/2022;Cotações
Minima;04/02/2022;Cotações
Minima;07/02/2022;Cotações
Minima;08/02/2022;Cotações
Minima;09/02/2022;Cotações
Minima;10/02/2022;Cotações
Minima;11/02/2022;Cotações
Minima;14/02/2022;Cotações
Minima;15/02/2022;Cotações
Minima;16/02/2022;Cotações
Minima;17/02/2022;Cotações
Minima;18/02/2022;Cotações
Minima;21/02/2022;Cotações
Minima;22/02/2022;Cotações
Minima;23/02/2022;Cotações
Minima;24/02/2022;Cotações
Minima;25/02/2022;Cotações
Minima;02/03/2022;Cotações
Minima;03/03/2022;Cotações
Minima;04/03/2022;Cotações
Minima;07/03/2022;Cotações
Minima;08/03/2022;Cotações
Minima;09/03/2022;Cotações
Minima;10/03/2022;Cotações
Minima;11/03/2022;Cotações
Minima;14/03/2022;Cotações
Minima;15/03/2022;Cotações
Minima;16/03/2022;Cotações
Minima;17/03/2022;Cotações
Minima;18/03/2022;Cotações
Minima;21/03/2022;Cotações
Minima;22/03/2022;Cotações
Minima;23/03/2022;Cotações
Minima;24/03/2022;Cotações
Minima;25/03/2022;Cotações
Minima;28/03/2022;Cotações
Minima;29/03/2022;Cotações
Minima;30/03/2022;Cotações
Minima;31/03/2022;Cotações
Minima;01/04/2022;Cotações
Minima;04/04/2022;Cotações
Minima;05/04/2022;Cotações
Minima;06/04/2022;Cotações
Minima;07/04/2022;Cotações
Minima;08/04/2022;Cotações
Minima;11/04/2022;Cotações
Minima;12/04/2022;Cotações
Minima;13/04/2022;Cotações
Minima;14/04/2022;Cotações
Minima;18/04/2022;Cotações
Minima;19/04/2022;Cotações
Minima;20/04/2022;Cotações
Minima;22/04/2022;Cotações
Minima;25/04/2022;Cotações
Minima;26/04/2022;Cotações
Minima;27/04/2022;Cotações
Minima;28/04/2022;Cotações
Minima;29/04/2022;Cotações
Minima;02/05/2022;Cotações
Minima;03/05/2022;Cotações
Minima;04/05/2022;Cotações
Minima;05/05/2022;Cotações
Minima;06/05/2022;Cotações
Minima;09/05/2022;Cotações
Minima;10/05/2022;Cotações
Minima;11/05/2022;Cotações
Minima;12/05/2022;Cotações
Minima;13/05/2022;Cotações
Minima;16/05/2022;Cotações
Minima;17/05/2022;Cotações
Minima;18/05/2022;Cotações
Minima;19/05/2022;Cotações
Minima;20/05/2022;Cotações
Minima;23/05/2022;Cotações
Minima;24/05/2022;Cotações
Minima;25/05/2022;Cotações
Minima;26/05/2022;Cotações
Minima;27/05/2022;Cotações
Minima;30/05/2022;Cotações
Minima;31/05/2022;Cotações
Minima;01/06/2022;Cotações
Minima;02/06/2022;Cotações
Minima;03/06/2022;Cotações
Minima;06/06/2022;Cotações
Minima;07/06/2022;Cotações
Minima;08/06/2022;Cotações
Minima;09/06/2022;Cotações
Minima;10/06/2022;Cotações
Minima;13/06/2022;Cotações
Minima;14/06/2022;Cotações
Minima;15/06/2022;Cotações
Minima;17/06/2022;Cotações
Minima;20/06/2022;Cotações
Minima;21/06/2022;Cotações
Minima;22/06/2022;Cotações
Minima;23/06/2022;Cotações
Minima;24/06/2022;Cotações
Minima;27/06/2022;Cotações
Minima;28/06/2022;Cotações
Minima;29/06/2022;Cotações
Minima;30/06/2022;Cotações
Minima;01/07/2022;Cotações
Minima;04/07/2022;Cotações
Minima;05/07/2022;Cotações
Minima;06/07/2022;Cotações
Minima;07/07/2022;Cotações
Minima;08/07/2022;Cotações
Minima;11/07/2022;Cotações
Minima;12/07/2022;Cotações
Minima;13/07/2022;Cotações
Minima;14/07/2022;Cotações
Minima;15/07/2022;Cotações
Minima;18/07/2022;Cotações
Minima;19/07/2022;Cotações
Minima;20/07/2022;Cotações
Minima;21/07/2022;Cotações
Minima;22/07/2022;Cotações
Minima;25/07/2022;Cotações
Minima;26/07/2022;Cotações
Minima;27/07/2022;Cotações
Minima;28/07/2022;Cotações
Minima;29/07/2022;Cotações
Minima;01/08/2022;Cotações
Minima;02/08/2022;Cotações
Minima;03/08/2022;Cotações
Minima;04/08/2022;Cotações
Minima;05/08/2022;Cotações
Minima;08/08/2022;Cotações
Minima;09/08/2022;Cotações
Minima;10/08/2022;Cotações
Minima;11/08/2022;Cotações
Minima;12/08/2022;Cotações
Minima;15/08/2022;Cotações
Minima;16/08/2022;Cotações
Minima;17/08/2022;Cotações
Minima;18/08/2022;Cotações
Minima;19/08/2022;Cotações
Minima;22/08/2022;Cotações
Minima;23/08/2022;Cotações
Minima;24/08/2022;Cotações
Minima;25/08/2022;Cotações
Minima;26/08/2022;Cotações
Minima;29/08/2022;Cotações
Minima;30/08/2022;Cotações
Minima;31/08/2022;Cotações
Minima;01/09/2022;Cotações
Minima;02/09/2022;Cotações
Minima;05/09/2022;Cotações
Minima;06/09/2022;Cotações
Minima;08/09/2022;Cotações
Minima;09/09/2022;Cotações
Minima;12/09/2022;Cotações
Minima;13/09/2022;Cotações
Minima;14/09/2022;Cotações
Minima;15/09/2022;Cotações
Minima;16/09/2022;Cotações
Minima;19/09/2022;Cotações
Minima;20/09/2022;Cotações
Minima;21/09/2022;Cotações
Minima;22/09/2022;Cotações
Minima;23/09/2022;Cotações
Minima;26/09/2022;Cotações
Minima;27/09/2022;Cotações
Minima;28/09/2022;Cotações
Minima;29/09/2022;Cotações
Minima;30/09/2022;Cotações
Minima;03/10/2022;Cotações
Minima;04/10/2022;Cotações
Minima;05/10/2022;Cotações
Minima;06/10/2022;Cotações
Minima;07/10/2022;Cotações
Minima;10/10/2022;Cotações
Minima;11/10/2022;Cotações
Minima;13/10/2022;Cotações
Minima;14/10/2022;Cotações
Minima;17/10/2022;Cotações
Minima;18/10/2022;Cotações
Minima;19/10/2022;Cotações
Minima;20/10/2022;Cotações
Minima;21/10/2022;Cotações
Minima;24/10/2022;Cotações
Minima;25/10/2022;Cotações
Minima;26/10/2022;Cotações
Minima;27/10/2022;Cotações
Minima;28/10/2022;Cotações
Minima;31/10/2022;Cotações
Minima;01/11/2022;Cotações
Minima;03/11/2022;Cotações
Minima;04/11/2022;Cotações
Minima;07/11/2022;Cotações
Minima;08/11/2022;Cotações
Minima;09/11/2022;Cotações
Minima;10/11/2022;Cotações
Minima;11/11/2022;Cotações
Minima;14/11/2022;Cotações
Minima;16/11/2022;Cotações
Minima;17/11/2022;Cotações
Minima;18/11/2022;Cotações
Minima;21/11/2022;Cotações
Minima;22/11/2022;Cotações
Minima;23/11/2022;Cotações
Minima;24/11/2022;Cotações
Minima;25/11/2022;Cotações
Minima;28/11/2022;Cotações
Minima;29/11/2022;Cotações
Minima;30/11/2022;Cotações
Minima;01/12/2022;Cotações
Minima;02/12/2022;Cotações
Minima;05/12/2022;Cotações
Minima;06/12/2022;Cotações
Minima;07/12/2022;Cotações
Minima;08/12/2022;Cotações
Minima;09/12/2022;Cotações
Minima;12/12/2022;Cotações
Minima;13/12/2022;Cotações
Minima;14/12/2022;Cotações
Minima;15/12/2022;Cotações
Minima;16/12/2022;Cotações
Minima;19/12/2022;Cotações
Minima;20/12/2022;Cotações
Minima;21/12/2022;Cotações
Minima;22/12/2022;Cotações
Minima;23/12/2022;Cotações
Minima;26/12/2022;Cotações
Minima;27/12/2022;Cotações
Minima;28/12/2022;Cotações
Minima;29/12/2022;Cotações
Minima;02/01/2023;Cotações
Minima;03/01/2023;Cotações
Minima;04/01/2023;Cotações
Minima;05/01/2023;Cotações
Minima;06/01/2023;Cotações
Minima;09/01/2023;Cotações
Minima;10/01/2023;Cotações
Minima;11/01/2023;Cotações
Minima;12/01/2023;Cotações
Minima;13/01/2023;Cotações
Minima;16/01/2023;Cotações
Minima;17/01/2023;Cotações
Minima;18/01/2023;Cotações
Minima;19/01/2023;Cotações
Minima;20/01/2023;Cotações
Minima;23/01/2023;Cotações
Minima;24/01/2023;Cotações
Minima;25/01/2023;Cotações
Minima;26/01/2023;Cotações
Minima;27/01/2023;Cotações
Minima;30/01/2023;Cotações
Minima;31/01/2023;Cotações
Minima;01/02/2023;Cotações
Minima;02/02/2023;Cotações
Minima;03/02/2023;Cotações
Minima;06/02/2023;Cotações
Minima;07/02/2023;Cotações
Minima;08/02/2023;Cotações
Minima;09/02/2023;Cotações
Minima;10/02/2023;Cotações
Minima;13/02/2023;Cotações
Minima;14/02/2023;Cotações
Minima;15/02/2023;Cotações
Minima;16/02/2023;Cotações
Minima;17/02/2023;Cotações
Minima;22/02/2023;Cotações
Minima;23/02/2023;Cotações
Minima;24/02/2023;Cotações
Minima;27/02/2023;Cotações
Minima;28/02/2023;Cotações
Minima;01/03/2023;Cotações
Minima;02/03/2023;Cotações
Minima;03/03/2023;Cotações
Minima;06/03/2023;Cotações
Minima;07/03/2023;Cotações
Minima;08/03/2023;Cotações
Minima;09/03/2023;Cotações
Minima;10/03/2023;Cotações
Minima;13/03/2023;Cotações
Minima;14/03/2023;Cotações
Minima;15/03/2023;Cotações
Minima;16/03/2023;Cotações
Minima;17/03/2023;Cotações
Minima;20/03/2023;Cotações
Minima;21/03/2023;Cotações
Minima;22/03/2023;Cotações
Minima;23/03/2023;Cotações
Minima;24/03/2023;Cotações
Minima;27/03/2023;Cotações
Minima;28/03/2023;Cotações
Minima;29/03/2023;Cotações
Minima;30/03/2023;Cotações
Minima;31/03/2023;Cotações
Minima;03/04/2023;Cotações
Minima;04/04/2023;Cotações
Minima;05/04/2023;Cotações
Minima;06/04/2023;Cotações
Minima;10/04/2023;Cotações
Minima;11/04/2023;Cotações
Minima;12/04/2023;Cotações
Minima;13/04/2023;Cotações
Minima;14/04/2023;Cotações
Minima;17/04/2023;Cotações
Minima;18/04/2023;Cotações
Minima;19/04/2023;Cotações
Minima;20/04/2023;Cotações
Minima;24/04/2023;Cotações
Minima;25/04/2023;Cotações
Minima;26/04/2023;Cotações
Minima;27/04/2023;Cotações
Minima;28/04/2023;Cotações
Minima;02/05/2023;Cotações
Minima;03/05/2023;Cotações
Minima;04/05/2023;Cotações
Minima;05/05/2023;Cotações
Minima;08/05/2023;Cotações
Minima;09/05/2023;Cotações
Minima;10/05/2023;Cotações
Minima;11/05/2023;Cotações
Minima;12/05/2023;Cotações
Minima;15/05/2023;Cotações
Minima;16/05/2023;Cotações
Minima;17/05/2023;Cotações
Minima;18/05/2023;Cotações
Minima;19/05/2023;Cotações
Minima;22/05/2023;Cotações
Minima;23/05/2023;Cotações
Minima;24/05/2023;Cotações
Minima;25/05/2023;Cotações
Minima;26/05/2023;Cotações
Minima;29/05/2023;Cotações
Minima;30/05/2023;Cotações
Minima;31/05/2023;Cotações
Minima;01/06/2023;Cotações
Minima;02/06/2023;Cotações
Minima;05/06/2023;Cotações
Minima;06/06/2023;Cotações
Minima;07/06/2023;Cotações
Minima;09/06/2023;Cotações
Minima;12/06/2023;Cotações
Minima;13/06/2023;Cotações
Minima;14/06/2023;Cotações
Minima;15/06/2023;Cotações
Minima;16/06/2023;Cotações
Minima;19/06/2023;Cotações
Minima;20/06/2023;Cotações
Minima;21/06/2023;Cotações
Minima;22/06/2023;Cotações
Minima;23/06/2023;Cotações
Minima;26/06/2023;Cotações
Minima;27/06/2023;Cotações
Minima;28/06/2023;Cotações
Minima;29/06/2023;Cotações
Minima;30/06/2023;Cotações
Minima;03/07/2023;Cotações
Minima;04/07/2023;Cotações
Minima;05/07/2023;Cotações
Minima;06/07/2023;Cotações
Minima;07/07/2023;Cotações
Minima;10/07/2023;Cotações
Minima;11/07/2023;Cotações
Minima;12/07/2023;Cotações
Minima;13/07/2023;Cotações
Minima;14/07/2023;Cotações
Minima;17/07/2023;Cotações
Minima;18/07/2023;Cotações
Minima;19/07/2023;Cotações
Minima;20/07/2023;Cotações
Minima;21/07/2023;Cotações
Minima;24/07/2023;Cotações
Minima;25/07/2023;Cotações
Minima;26/07/2023;Cotações
Minima;27/07/2023;Cotações
Minima;28/07/2023;Cotações
Minima;31/07/2023;Cotações
Minima;01/08/2023;Cotações
Minima;02/08/2023;Cotações
Minima;03/08/2023;Cotações
Minima;04/08/2023;Cotações
Minima;07/08/2023;Cotações
Minima;08/08/2023;Cotações
Minima;09/08/2023;Cotações
Minima;10/08/2023;Cotações
Minima;11/08/2023;Cotações
Minima;14/08/2023;Cotações
Minima;15/08/2023;Cotações
Minima;16/08/2023;Cotações
Minima;17/08/2023;Cotações
Minima;18/08/2023;Cotações
Minima;21/08/2023;Cotações
Minima;22/08/2023;Cotações
Minima;23/08/2023;Cotações
Minima;24/08/2023;Cotações
Minima;25/08/2023;Cotações
Minima;28/08/2023;Cotações
Minima;29/08/2023;Cotações
Minima;30/08/2023;Cotações
Minima;31/08/2023;Cotações
Minima;01/09/2023;Cotações
Minima;04/09/2023;Cotações
Minima;05/09/2023;Cotações
Minima;06/09/2023;Cotações
Minima;08/09/2023;Cotações
Minima;11/09/2023;Cotações
Minima;12/09/2023;Cotações
Minima;13/09/2023;Cotações
Minima;14/09/2023;Cotações
Minima;15/09/2023;Cotações
Minima;18/09/2023;Cotações
Minima;19/09/2023;Cotações
Minima;20/09/2023;Cotações
Minima;21/09/2023;Cotações
Minima;22/09/2023;Cotações
Minima;25/09/2023;Cotações
Minima;26/09/2023;Cotações
Minima;27/09/2023;Cotações
Minima;28/09/2023;Cotações
Minima;29/09/2023;Cotações
Minima;02/10/2023;Cotações
Minima;03/10/2023;Cotações
Minima;04/10/2023;Cotações
Minima;05/10/2023;Cotações
Minima;06/10/2023;Cotações
Minima;09/10/2023;Cotações
Minima;10/10/2023;Cotações
Minima;11/10/2023;Cotações
Minima;13/10/2023;Cotações
Minima;16/10/2023;Cotações
Minima;17/10/2023;Cotações
Minima;18/10/2023;Cotações
Minima;19/10/2023;Cotações
Minima;20/10/2023;Cotações
Minima;23/10/2023;Cotações
Minima;24/10/2023;Cotações
Minima;25/10/2023;Cotações
Minima;26/10/2023;Cotações
Minima;27/10/2023;Cotações
Minima;30/10/2023;Cotações
Minima;31/10/2023;Cotações
Minima;01/11/2023;Cotações
Minima;03/11/2023;Cotações
Minima;06/11/2023;Cotações
Minima;07/11/2023;Cotações
Minima;08/11/2023;Cotações
Minima;09/11/2023;Cotações
Minima;10/11/2023;Cotações
Minima;13/11/2023;Cotações
Minima;14/11/2023;Cotações
Minima;16/11/2023;Cotações
Minima;17/11/2023;Cotações
Minima;20/11/2023;Cotações
Minima;21/11/2023;Cotações
Minima;22/11/2023;Cotações
Minima;23/11/2023;Cotações
Minima;24/11/2023;Cotações
Minima;27/11/2023;Cotações
Minima;28/11/2023;Cotações
Minima;29/11/2023;Cotações
Minima;30/11/2023;Cotações
Minima;01/12/2023;Cotações
Minima;04/12/2023;Cotações
Minima;05/12/2023;Cotações
Minima;06/12/2023;Cotações
Minima;07/12/2023;Cotações
Minima;08/12/2023;Cotações
Minima;11/12/2023;Cotações
Minima;12/12/2023;Cotações
Minima;13/12/2023;Cotações
Minima;14/12/2023;Cotações
Minima;15/12/2023;Cotações
Minima;18/12/2023;Cotações
Minima;19/12/2023;Cotações
Minima;20/12/2023;Cotações
Minima;21/12/2023;Cotações
Minima;22/12/2023;Cotações
Minima;26/12/2023;Cotações
Minima;27/12/2023;Cotações
Minima;28/12/2023;Cotações
Minima;02/01/2024;Cotações
Minima;03/01/2024;Cotações
Minima;04/01/2024;Cotações
Minima;05/01/2024;Cotações
Minima;08/01/2024;Cotações
Minima;09/01/2024;Cotações
Minima;10/01/2024;Cotações
Minima;11/01/2024;Cotações
Minima;12/01/2024;Cotações
Minima;15/01/2024;Cotações
Minima;16/01/2024;Cotações
Minima;17/01/2024;Cotações
Minima;18/01/2024;Cotações
Minima;19/01/2024;Cotações
Minima;22/01/2024;Cotações
Minima;23/01/2024;Cotações
Minima;24/01/2024;Cotações
Minima;25/01/2024;Cotações
Minima;26/01/2024;Cotações
Minima;29/01/2024;Cotações
Minima;30/01/2024;Cotações
Minima;31/01/2024;Cotações
Minima;01/02/2024;Cotações
Minima;02/02/2024;Cotações
Minima;05/02/2024;Cotações
Minima;06/02/2024;Cotações
Minima;07/02/2024;Cotações
Minima;08/02/2024;Cotações
Minima;09/02/2024;Cotações
Minima;14/02/2024;Cotações
Minima;15/02/2024;Cotações
Minima;16/02/2024;Cotações
Minima;19/02/2024;Cotações
Minima;20/02/2024;Cotações
Minima;21/02/2024;Cotações
Minima;22/02/2024;Cotações
Minima;23/02/2024;Cotações
Minima;26/02/2024;Cotações
Minima;27/02/2024;Cotações
Minima;28/02/2024;Cotações
Minima;29/02/2024;Cotações
Minima;01/03/2024;Cotações
Minima;04/03/2024;Cotações
Minima;05/03/2024;Cotações
Minima;06/03/2024;Cotações
Minima;07/03/2024;Cotações
Minima;08/03/2024;Cotações
Minima;11/03/2024;Cotações
Minima;12/03/2024;Cotações
Minima;13/03/2024;Cotações
Minima;14/03/2024;Cotações
Minima;15/03/2024;Cotações
Minima;18/03/2024;Cotações
Minima;19/03/2024;Cotações
Minima;20/03/2024;Cotações
Minima;21/03/2024;Cotações
Minima;22/03/2024;Cotações
Minima;25/03/2024;Cotações
Minima;26/03/2024;Cotações
Minima;27/03/2024;Cotações
Minima;28/03/2024;Cotações
Minima;01/04/2024;Cotações
Minima;02/04/2024;Cotações
Minima;03/04/2024;Cotações
Minima;04/04/2024;Cotações
Minima;05/04/2024;Cotações
Minima;08/04/2024;Cotações
Minima;09/04/2024;Cotações
Minima;10/04/2024;Cotações
Minima;11/04/2024;Cotações
Minima;12/04/2024;Cotações
Minima;15/04/2024;Cotações
Minima;16/04/2024;Cotações
Minima;17/04/2024;Cotações
Minima;18/04/2024;Cotações
Minima;19/04/2024;Cotações
Minima;22/04/2024;Cotações
Minima;23/04/2024;Cotações
Minima;24/04/2024;Cotações
Minima;25/04/2024;Cotações
Minima;26/04/2024;Cotações
Minima;29/04/2024;Cotações
Minima;30/04/2024;Cotações
Minima;02/05/2024;Cotações
Minima;03/05/2024;Cotações
Minima;06/05/2024;Cotações
Minima;07/05/2024;Cotações
Minima;08/05/2024;Cotações
Minima;09/05/2024;Cotações
Minima;10/05/2024;Cotações
Minima;13/05/2024;Cotações
Minima;14/05/2024;Cotações
Minima;15/05/2024;Cotações
Minima;16/05/2024;Cotações
Minima;17/05/2024;Cotações
Minima;20/05/2024;Cotações
Minima;21/05/2024;Cotações
Minima;22/05/2024;Cotações
Minima;23/05/2024;Cotações
Minima;24/05/2024;Cotações
Minima;27/05/2024;Cotações
Minima;28/05/2024;Cotações
Minima;29/05/2024;Cotações
Minima;31/05/2024;Cotações
Minima;03/06/2024;Cotações
Minima;04/06/2024;Cotações
Minima;05/06/2024;Cotações
Minima;06/06/2024;Cotações
Minima;07/06/2024;Cotações
Minima;10/06/2024;Cotações
Minima;11/06/2024;Cotações
Minima;12/06/2024;Cotações
Minima;13/06/2024;Cotações
Minima;14/06/2024;Cotações
Minima;17/06/2024;Cotações
Minima;18/06/2024;Cotações
Minima;19/06/2024;Cotações
Minima;20/06/2024;Cotações
Minima;21/06/2024;Cotações
Minima;24/06/2024;Cotações
Minima;25/06/2024;Cotações
Minima;26/06/2024;Cotações
Minima;27/06/2024;Cotações
Minima;28/06/2024;Cotações
Minima;01/07/2024;Cotações
Minima;02/07/2024;Cotações
Minima;03/07/2024;Cotações
Minima;04/07/2024;Cotações
Minima;05/07/2024;Cotações
Minima;08/07/2024;Cotações
Minima;09/07/2024;Cotações
Minima;10/07/2024;Cotações
Minima;11/07/2024;Cotações
Minima;12/07/2024;Cotações
Minima;15/07/2024;Cotações
Minima;16/07/2024;Cotações
Minima;17/07/2024;Cotações
Minima;18/07/2024;Cotações
Minima;19/07/2024;Cotações
Minima;22/07/2024;Cotações
Minima;23/07/2024;Cotações
Minima;24/07/2024;Cotações
Minima;25/07/2024;Cotações
Minima;26/07/2024;Cotações
Minima;29/07/2024;Cotações
Minima;30/07/2024;Cotações
Minima;31/07/2024;Cotações
Minima;01/08/2024;Cotações
Minima;02/08/2024;Cotações
Minima;05/08/2024;Cotações
Minima;06/08/2024;Cotações
Minima;07/08/2024;Cotações
Minima;08/08/2024;Cotações
Minima;09/08/2024;Cotações
Minima;12/08/2024;Cotações
Minima;13/08/2024;Cotações
Minima;14/08/2024;Cotações
Minima;15/08/2024;Cotações
Minima;16/08/2024;Cotações
Minima;19/08/2024;Cotações
Minima;20/08/2024;Cotações
Minima;21/08/2024;Cotações
Minima;22/08/2024;Cotações
Minima;23/08/2024;Cotações
Minima;26/08/2024;Cotações
Minima;27/08/2024;Cotações
Minima;28/08/2024;Cotações
Minima;29/08/2024;Cotações
Minima;30/08/2024;Cotações
Minima;02/09/2024;Cotações
Minima;03/09/2024;Cotações
Minima;04/09/2024;Cotações
Minima;05/09/2024;Cotações
Minima;06/09/2024;Cotações
Minima;09/09/2024;Cotações
Minima;10/09/2024;Cotações
Minima;11/09/2024;Cotações
Minima;12/09/2024;Cotações
Minima;13/09/2024;Cotações
Minima;16/09/2024;Cotações
Minima;17/09/2024;Cotações
Minima;18/09/2024;Cotações
Minima;19/09/2024;Cotações
Minima;20/09/2024;Cotações
Minima;23/09/2024;Cotações
Minima;24/09/2024;Cotações
Minima;25/09/2024;Cotações
Minima;26/09/2024;Cotações
Minima;27/09/2024;Cotações
Minima;30/09/2024;Cotações
Minima;01/10/2024;Cotações
Minima;02/10/2024;Cotações
Minima;03/10/2024;Cotações
Minima;04/10/2024;Cotações
Minima;07/10/2024;Cotações
Minima;08/10/2024;Cotações
Minima;09/10/2024;Cotações
Minima;10/10/2024;Cotações
Minima;11/10/2024;Cotações
Minima;14/10/2024;Cotações
Minima;15/10/2024;Cotações
Minima;16/10/2024;Cotações
Minima;17/10/2024;Cotações
Minima;18/10/2024;Cotações
Minima;21/10/2024;Cotações
Minima;22/10/2024;Cotações
Minima;23/10/2024;Cotações
Minima;24/10/2024;Cotações
Minima;25/10/2024;Cotações
Minima;28/10/2024;Cotações
Minima;29/10/2024;Cotações
Minima;30/10/2024;Cotações
Minima;31/10/2024;Cotações
Minima;01/11/2024;Cotações
Minima;04/11/2024;Cotações
Minima;05/11/2024;Cotações
Minima;06/11/2024;Cotações
Minima;07/11/2024;Cotações
Minima;08/11/2024;Cotações
Minima;11/11/2024;Cotações
Minima;12/11/2024;Cotações
Minima;13/11/2024;Cotações
Minima;14/11/2024;Cotações
Minima;18/11/2024;Cotações
Minima;19/11/2024;Cotações
Minima;21/11/2024;Cotações
Minima;22/11/2024;Cotações
Minima;25/11/2024;Cotações
Minima;26/11/2024;Cotações
Minima;27/11/2024;Cotações
Minima;28/11/2024;Cotações
Minima;29/11/2024;Cotações
Minima;02/12/2024;Cotações
Minima;03/12/2024;Cotações
Minima;04/12/2024;Cotações
Minima;05/12/2024;Cotações
Minima;06/12/2024;Cotações
Minima;09/12/2024;Cotações
Minima;10/12/2024;Cotações
Minima;11/12/2024;Cotações
Minima;12/12/2024;Cotações
Minima;13/12/2024;Cotações
Minima;16/12/2024;Cotações
Minima;17/12/2024;Cotações
Minima;18/12/2024;Cotações
Minima;19/12/2024;Cotações
Minima;20/12/2024;Cotações
Minima;23/12/2024;Cotações
Minima;26/12/2024;Cotações
Minima;27/12/2024;Cotações
Minima;30/12/2024;Cotações
Minima;02/01/2025;Cotações
Minima;03/01/2025;Cotações
Minima;06/01/2025;Cotações
Minima;07/01/2025;Cotações
Minima;08/01/2025;Cotações
Minima;09/01/2025;Cotações
Minima;10/01/2025;Cotações
Minima;13/01/2025;Cotações
Minima;14/01/2025;Cotações
Minima;15/01/2025;Cotações
Minima;16/01/2025;Cotações
Minima;17/01/2025;Cotações
Minima;20/01/2025;Cotações
Minima;21/01/2025;Cotações
Minima;22/01/2025;Cotações
Minima;23/01/2025;Cotações
Minima;24/01/2025;Cotações
Minima;27/01/2025;Cotações
Minima;28/01/2025;Cotações
Minima;29/01/2025;Cotações
Minima;30/01/2025;Cotações
Minima;31/01/2025;Cotações
Minima;03/02/2025;Cotações
Minima;04/02/2025;Cotações
Minima;05/02/2025;Cotações
Minima;06/02/2025;Cotações
Minima;07/02/2025;Cotações
Minima;10/02/2025;Cotações
Minima;11/02/2025;Cotações
Minima;12/02/2025;Cotações
Minima;13/02/2025;Cotações
Minima;14/02/2025;Cotações
Minima;17/02/2025;Cotações
Minima;18/02/2025;Cotações
Minima;19/02/2025;Cotações
Minima;20/02/2025;Cotações
Minima;21/02/2025;Cotações
Minima;24/02/2025;Cotações
Minima;25/02/2025;Cotações
Minima;26/02/2025;Cotações
Minima;27/02/2025;Cotações
Minima;28/02/2025;Cotações
Minima;05/03/2025;Cotações
Minima;06/03/2025;Cotações
Minima;07/03/2025;Cotações
Minima;10/03/2025;Cotações
Minima;11/03/2025;Cotações
Minima;12/03/2025;Cotações
Minima;13/03/2025;Cotações
Minima;14/03/2025;Cotações
Minima;17/03/2025;Cotações
Minima;18/03/2025;Cotações
Minima;19/03/2025;Cotações
Minima;20/03/2025;Cotações
Minima;21/03/2025;Cotações
Minima;24/03/2025;Cotações
Minima;25/03/2025;Cotações
Minima;26/03/2025;Cotações
Minima;27/03/2025;Cotações
Minima;28/03/2025;Cotações
Minima;31/03/2025;Cotações
Minima;01/04/2025;Cotações
Minima;02/04/2025;Cotações
Minima;03/04/2025;Cotações
Minima;04/04/2025;Cotações
Minima;07/04/2025;Cotações
Minima;08/04/2025;Cotações
Minima;09/04/2025;Cotações
Minima;10/04/2025;Cotações
Minima;11/04/2025;Cotações
Minima;14/04/2025;Cotações
Minima;15/04/2025;Cotações
Minima;16/04/2025;Cotações
Minima;17/04/2025;Cotações
Minima;22/04/2025;Cotações
Minima;23/04/2025;Cotações
Minima;24/04/2025;Cotações
Minima;25/04/2025;Cotações
Minima;28/04/2025;Cotações
Minima;29/04/2025;Cotações
Minima;30/04/2025;Cotações
Minima;02/05/2025;Cotações
Minima;05/05/2025;Cotações
Minima;06/05/2025;Cotações
Minima;07/05/2025;Cotações
Minima;08/05/2025;Cotações
Minima;09/05/2025;Cotações
Minima;12/05/2025;Cotações
Minima;13/05/2025;Cotações
Minima;14/05/2025;Cotações
Minima;15/05/2025;Cotações
Minima;16/05/2025;Cotações
Minima;19/05/2025;Cotações
Minima;20/05/2025;Cotações
Minima;21/05/2025;Cotações
Minima;22/05/2025;Cotações
Minima;23/05/2025;Cotações
Minima;26/05/2025;Cotações
Minima;27/05/2025;Cotações
Minima;28/05/2025;Cotações
Minima;29/05/2025;Cotações
Minima;30/05/2025;Cotações
Minima;02/06/2025;Cotações
Minima;03/06/2025;Cotações
Minima;04/06/2025;Cotações
Minima;05/06/2025;Cotações
Minima;06/06/2025;Cotações
Minima;09/06/2025;Cotações
Minima;10/06/2025;Cotações
Minima;11/06/2025;Cotações
Minima;12/06/2025;Cotações
Minima;13/06/2025;Cotações
Minima;16/06/2025;Cotações
Minima;17/06/2025;Cotações
Minima;18/06/2025;Cotações
Minima;20/06/2025;Cotações
Minima;23/06/2025;Cotações
Minima;24/06/2025;Cotações
Minima;25/06/2025;Cotações
Minima;26/06/2025;Cotações
Minima;27/06/2025;Cotações
Minima;30/06/2025;Cotações
Minima;01/07/2025;Cotações
Minima;02/07/2025;Cotações
Minima;03/07/2025;Cotações
Minima;04/07/2025;Cotações
Minima;07/07/2025;Cotações
Minima;08/07/2025;Cotações
Minima;09/07/2025;Cotações
Minima;10/07/2025;Cotações
Minima;11/07/2025;Cotações
Minima;14/07/2025;Cotações
Minima;15/07/2025;Cotações
Minima;16/07/2025;Cotações
Minima;17/07/2025;Cotações
Minima;18/07/2025;Cotações
Minima;21/07/2025;Cotações
Minima;22/07/2025;Cotações
Minima;23/07/2025;Cotações
Minima;24/07/2025;Cotações
Minima;25/07/2025;Cotações
Minima;28/07/2025;Cotações
Minima;29/07/2025;Cotações
Minima;30/07/2025;Cotações
Minima;31/07/2025;Cotações
Minima;01/08/2025;Cotações
Minima;04/08/2025;Cotações
Minima;05/08/2025;Cotações
Minima;06/08/2025;Cotações
Minima;07/08/2025;Cotações
Minima;08/08/2025;Cotações
Minima;11/08/2025;Cotações
Minima;12/08/2025;Cotações
Minima;13/08/2025;Cotações
Minima;14/08/2025;Cotações
Minima;15/08/2025;Cotações
Minima;18/08/2025;Cotações
Minima;19/08/2025;Cotações
Minima;20/08/2025;Cotações
Minima;21/08/2025;Cotações
Minima;22/08/2025;Cotações
Minima;25/08/2025;Cotações
Minima;26/08/2025;Cotações
Minima;27/08/2025;Cotações
Minima;28/08/2025;Cotações
Minima;29/08/2025;Cotações
Minima;01/09/2025;Cotações
Minima;02/09/2025;Cotações
Minima;03/09/2025;Cotações
Minima;04/09/2025;Cotações
Minima;05/09/2025;Cotações
Minima;08/09/2025;Cotações
Minima;09/09/2025;Cotações
Minima;10/09/2025;Cotações
Minima;11/09/2025;Cotações
Minima;12/09/2025;Cotações
Minima;15/09/2025;Cotações
Minima;16/09/2025;Cotações
Minima;17/09/2025;Cotações
Minima;18/09/2025;Cotações
Minima;19/09/2025;Cotações
Minima;22/09/2025;Cotações
Minima;23/09/2025;Cotações
Minima;24/09/2025;Cotações
Minima;25/09/2025;Cotações
Minima;26/09/2025;Cotações
Minima;29/09/2025;Cotações
Minima;30/09/2025;Cotações
Minima;01/10/2025;Cotações
Minima;02/10/2025;Cotações
Minima;03/10/2025;Cotações
Minima;06/10/2025;Cotações
Minima;07/10/2025;Cotações
Minima;08/10/2025;Cotações
Minima;09/10/2025;Cotações
Minima;10/10/2025;Cotações
Minima;13/10/2025;Cotações
Minima;14/10/2025;Cotações
Minima;15/10/2025;Cotações
Minima;16/10/2025;Cotações
Minima;17/10/2025;Cotações
Minima;20/10/2025;Cotações
Minima;21/10/2025;Cotações
Minima;22/10/2025;Cotações
Minima;23/10/2025;Cotações
Minima;24/10/2025;Cotações
Minima;27/10/2025;Cotações
Minima;28/10/2025;Cotações
Minima;29/10/2025;Cotações
Minima;30/10/2025;Cotações
Minima;31/10/2025;Cotações
Minima;03/11/2025;Cotações
Minima;04/11/2025;Cotações
Minima;05/11/2025;Cotações
Minima;06/11/2025;Cotações
Minima;07/11/2025;Cotações
Minima;10/11/2025;Cotações
Minima;11/11/2025;Cotações
Minima;12/11/2025;Cotações
Minima;13/11/2025;Cotações
Minima;14/11/2025;Cotações
Minima;17/11/2025;Cotações
Minima;18/11/2025;Cotações
Minima;19/11/2025;Cotações
Minima;21/11/2025;Cotações
Minima;24/11/2025;Cotações
Minima;25/11/2025;Cotações
Minima;26/11/2025;Cotações
Minima;27/11/2025;Cotações
Minima;28/11/2025;Cotações
Minima;01/12/2025;Cotações
Minima;02/12/2025;Cotações
Minima;03/12/2025;Cotações
Minima;04/12/2025;Cotações
Minima;05/12/2025;Cotações
Minima;08/12/2025;Cotações
Minima;09/12/2025;Cotações
Minima;10/12/2025;Cotações
Minima;11/12/2025;Cotações
Minima;12/12/2025;Cotações
Minima;15/12/2025;Cotações
Minima;16/12/2025;Cotações
Minima;17/12/2025;Cotações
Minima;18/12/2025;Cotações
Minima;19/12/2025;Cotações
Minima;22/12/2025;Cotações
Minima;23/12/2025;Cotações
Minima;26/12/2025;Cotações
Minima;29/12/2025;Cotações
Minima;30/12/2025;Cotações
Minima;02/01/2026;Cotações
Minima;05/01/2026;Cotações
Minima;06/01/2026;Cotações
Minima;07/01/2026;Cotações
Minima;08/01/2026;Cotações
Minima;09/01/2026;Cotações
Minima;12/01/2026;Cotações
Minima;13/01/2026;Cotações
Minima;14/01/2026;Cotações
Minima;15/01/2026;Cotações
Minima;16/01/2026;Cotações
Minima;19/01/2026;Cotações
Minima;20/01/2026;Cotações
Minima;21/01/2026;Cotações
Minima;22/01/2026;Cotações
Minima;23/01/2026;Cotações
Minima;26/01/2026;Cotações
Minima;27/01/2026;Cotações
Minima;28/01/2026;Cotações
Minima;29/01/2026;Cotações
Minima;30/01/2026;Cotações
Minima;02/02/2026;Cotações
Minima;03/02/2026;Cotações
Minima;04/02/2026;Cotações
Minima;05/02/2026;Cotações
Minima;06/02/2026;Cotações
Minima;09/02/2026;Cotações
Minima;10/02/2026;Cotações
Minima;11/02/2026;Cotações
Minima;12/02/2026;Cotações
Minima;13/02/2026;Cotações
Minima;18/02/2026;Cotações
Minima;19/02/2026;Cotações
Minima;20/02/2026;Cotações
Minima;23/02/2026;Cotações
Minima;24/02/2026;Cotações
Minima;25/02/2026;Cotações
Minima;26/02/2026;Cotações
Minima;27/02/2026;Cotações
Minima;02/03/2026;Cotações
Minima;03/03/2026;Cotações
Minima;04/03/2026;Cotações
Minima;05/03/2026;Cotações
Minima;06/03/2026;Cotações
Minima;09/03/2026;Cotações
Minima;10/03/2026;Cotações
Minima;11/03/2026;Cotações
Minima;12/03/2026;Cotações
Minima;13/03/2026;Cotações
Minima;16/03/2026;Cotações
Minima;17/03/2026;Cotações
Minima;18/03/2026;Cotações
Minima;19/03/2026;Cotações
Minima;20/03/2026;Cotações
Minima;23/03/2026;Cotações
Minima;24/03/2026;Cotações
Minima;25/03/2026;Cotações
Minima;26/03/2026;Cotações
Minima;27/03/2026;Cotações
Minima;30/03/2026;Cotações
Minima;31/03/2026;Cotações
Minima;01/04/2026;Cotações
Minima;02/04/2026;Cotações
Minima;06/04/2026;Cotações
Minima;07/04/2026;Cotações
Minima;08/04/2026;Cotações
Minima;09/04/2026;Cotações
Minima;10/04/2026;Cotações
Minima;13/04/2026;Cotações
Minima;14/04/2026;Cotações
Minima;15/04/2026;Cotações
Minima;16/04/2026;Cotações
Minima;17/04/2026;Cotações
Minima;20/04/2026;Cotações
Minima;22/04/2026;Cotações
Minima;23/04/2026;Cotações
Minima;24/04/2026;Cotações
Minima;27/04/2026;Cotações
Minima;28/04/2026;Cotações
Minima;29/04/2026;Cotações
Minima;30/04/2026;Cotações
Minima;04/05/2026;Cotações
Minima;05/05/2026;Cotações
Minima;06/05/2026;Cotações
Minima;07/05/2026;Cotações
Minima;08/05/2026;Cotações
Minima;11/05/2026;Cotações
Minima;12/05/2026;Cotações
Minima;13/05/2026;Cotações
Minima;14/05/2026;Cotações
Minima;15/05/2026;Cotações
Minima;18/05/2026;Cotações
Minima;19/05/2026;Cotações
Minima;20/05/2026;Cotações
Minima;21/05/2026;Cotações
Minima;22/05/2026;Cotações
Minima;25/05/2026;Cotações
Minima;26/05/2026;Cotações
Minima;27/05/2026;Cotações
Minima;28/05/2026;Cotações
Minima;29/05/2026;Cotações
Minima;01/06/2026;Cotações
Minima;02/06/2026;Cotações
Minima;03/06/2026;Cotações
Minima;05/06/2026;Cotações
Minima;08/06/2026;Cotações
Minima;09/06/2026;Cotações
Minima;10/06/2026;Cotações
Minima;11/06/2026;Cotações
Minima;12/06/2026;Cotações
Minima;15/06/2026;Cotações
Minima;16/06/2026;Cotações
Minima;17/06/2026;Cotações
Minima;18/06/2026;Cotações
Minima;19/06/2026;Cotações
Minima;22/06/2026;Cotações
Minima;23/06/2026;Cotações
Minima;24/06/2026;Cotações
Minima;25/06/2026;Cotações
Minima;26/06/2026;Cotações
Minima;29/06/2026;Cotações
Minima;30/06/2026;Cotações
Minima;01/07/2026;Cotações
Minima;02/07/2026;Cotações
Minima;03/07/2026;Cotações
Minima;06/07/2026;Cotações
Minima;07/07/2026;Cotações
Minima;08/07/2026;Cotações
Minima;09/07/2026;Cotações
Minima;10/07/2026;Cotações
Minima;13/07/2026;Cotações
Minima;14/07/2026;Cotações
Minima;15/07/2026;Cotações
Minima;16/07/2026;Cotações
Minima;17/07/2026;Cotações
Minima;20/07/2026;Cotações
Minima;21/07/2026;Cotações
Minima;22/07/2026;Cotações
Minima;23/07/2026;Cotações
Minima;24/07/2026;Cotações
Minima;27/07/2026;Cotações
Minima;28/07/2026;Cotações
Minima;29/07/2026;Cotações
Minima;30/07/2026;Cotações
Minima;31/07/2026;Cotações
Minima;03/08/2026;Cotações
Minima;04/08/2026;Cotações
Minima;05/08/2026;Cotações
Minima;06/08/2026;Cotações
Minima;07/08/2026;Cotações
Minima;10/08/2026;Cotações
Minima;11/08/2026;Cotações
Minima;12/08/2026;Cotações
Minima;13/08/2026;Cotações
Minima;14/08/2026;Cotações
Minima;17/08/2026;Cotações
Minima;18/08/2026;Cotações
Minima;19/08/2026;Cotações
Minima;20/08/2026;Cotações
Minima;21/08/2026;Cotações
Minima;24/08/2026;Cotações
Minima;25/08/2026;Cotações
Minima;26/08/2026;Cotações
Minima;27/08/2026;Cotações
Minima;28/08/2026;Cotações
Minima;31/08/2026;Cotações
Minima;01/09/2026;Cotações
Minima;02/09/2026;Cotações
Minima;03/09/2026;Cotações
Minima;04/09/2026;Cotações
Minima;08/09/2026;Cotações
Minima;09/09/2026;Cotações
Minima;10/09/2026;Cotações
Minima;11/09/2026;Cotações
Minima;14/09/2026;Cotações
Minima;15/09/2026;Cotações
Minima;16/09/2026;Cotações
Minima;17/09/2026;Cotações
Minima;18/09/2026;Cotações
Minima;21/09/2026;Cotações
Minima;22/09/2026;Cotações
Minima;23/09/2026;Cotações
Minima;24/09/2026;Cotações
Minima;25/09/2026;Cotações
Fechamento;02/01/2018;Cotações
Fechamento;03/01/2018;Cotações
Fechamento;04/01/2018;Cotações
Fechamento;05/01/2018;Cotações
Fechamento;08/01/2018;Cotações
Fechamento;09/01/2018;Cotações
Fechamento;10/01/2018;Cotações
Fechamento;11/01/2018;Cotações
Fechamento;12/01/2018;Cotações
Fechamento;15/01/2018;Cotações
Fechamento;16/01/2018;Cotações
Fechamento;17/01/2018;Cotações
Fechamento;18/01/2018;Cotações
Fechamento;19/01/2018;Cotações
Fechamento;22/01/2018;Cotações
Fechamento;23/01/2018;Cotações
Fechamento;24/01/2018;Cotações
Fechamento;26/01/2018;Cotações
Fechamento;29/01/2018;Cotações
Fechamento;30/01/2018;Cotações
Fechamento;31/01/2018;Cotações
Fechamento;01/02/2018;Cotações
Fechamento;02/02/2018;Cotações
Fechamento;05/02/2018;Cotações
Fechamento;06/02/2018;Cotações
Fechamento;07/02/2018;Cotações
Fechamento;08/02/2018;Cotações
Fechamento;09/02/2018;Cotações
Fechamento;14/02/2018;Cotações
Fechamento;15/02/2018;Cotações
Fechamento;16/02/2018;Cotações
Fechamento;19/02/2018;Cotações
Fechamento;20/02/2018;Cotações
Fechamento;21/02/2018;Cotações
Fechamento;22/02/2018;Cotações
Fechamento;23/02/2018;Cotações
Fechamento;26/02/2018;Cotações
Fechamento;27/02/2018;Cotações
Fechamento;28/02/2018;Cotações
Fechamento;01/03/2018;Cotações
Fechamento;02/03/2018;Cotações
Fechamento;05/03/2018;Cotações
Fechamento;06/03/2018;Cotações
Fechamento;07/03/2018;Cotações
Fechamento;08/03/2018;Cotações
Fechamento;09/03/2018;Cotações
Fechamento;12/03/2018;Cotações
Fechamento;13/03/2018;Cotações
Fechamento;14/03/2018;Cotações
Fechamento;15/03/2018;Cotações
Fechamento;16/03/2018;Cotações
Fechamento;19/03/2018;Cotações
Fechamento;20/03/2018;Cotações
Fechamento;21/03/2018;Cotações
Fechamento;22/03/2018;Cotações
Fechamento;23/03/2018;Cotações
Fechamento;26/03/2018;Cotações
Fechamento;27/03/2018;Cotações
Fechamento;28/03/2018;Cotações
Fechamento;29/03/2018;Cotações
Fechamento;02/04/2018;Cotações
Fechamento;03/04/2018;Cotações
Fechamento;04/04/2018;Cotações
Fechamento;05/04/2018;Cotações
Fechamento;06/04/2018;Cotações
Fechamento;09/04/2018;Cotações
Fechamento;10/04/2018;Cotações
Fechamento;11/04/2018;Cotações
Fechamento;12/04/2018;Cotações
Fechamento;13/04/2018;Cotações
Fechamento;16/04/2018;Cotações
Fechamento;17/04/2018;Cotações
Fechamento;18/04/2018;Cotações
Fechamento;19/04/2018;Cotações
Fechamento;20/04/2018;Cotações
Fechamento;23/04/2018;Cotações
Fechamento;24/04/2018;Cotações
Fechamento;25/04/2018;Cotações
Fechamento;26/04/2018;Cotações
Fechamento;27/04/2018;Cotações
Fechamento;30/04/2018;Cotações
Fechamento;02/05/2018;Cotações
Fechamento;03/05/2018;Cotações
Fechamento;04/05/2018;Cotações
Fechamento;07/05/2018;Cotações
Fechamento;08/05/2018;Cotações
Fechamento;09/05/2018;Cotações
Fechamento;10/05/2018;Cotações
Fechamento;11/05/2018;Cotações
Fechamento;14/05/2018;Cotações
Fechamento;15/05/2018;Cotações
Fechamento;16/05/2018;Cotações
Fechamento;17/05/2018;Cotações
Fechamento;18/05/2018;Cotações
Fechamento;21/05/2018;Cotações
Fechamento;22/05/2018;Cotações
Fechamento;23/05/2018;Cotações
Fechamento;24/05/2018;Cotações
Fechamento;25/05/2018;Cotações
Fechamento;28/05/2018;Cotações
Fechamento;29/05/2018;Cotações
Fechamento;30/05/2018;Cotações
Fechamento;01/06/2018;Cotações
Fechamento;04/06/2018;Cotações
Fechamento;05/06/2018;Cotações
Fechamento;06/06/2018;Cotações
Fechamento;07/06/2018;Cotações
Fechamento;08/06/2018;Cotações
Fechamento;11/06/2018;Cotações
Fechamento;12/06/2018;Cotações
Fechamento;13/06/2018;Cotações
Fechamento;14/06/2018;Cotações
Fechamento;15/06/2018;Cotações
Fechamento;18/06/2018;Cotações
Fechamento;19/06/2018;Cotações
Fechamento;20/06/2018;Cotações
Fechamento;21/06/2018;Cotações
Fechamento;22/06/2018;Cotações
Fechamento;25/06/2018;Cotações
Fechamento;26/06/2018;Cotações
Fechamento;27/06/2018;Cotações
Fechamento;28/06/2018;Cotações
Fechamento;29/06/2018;Cotações
Fechamento;02/07/2018;Cotações
Fechamento;03/07/2018;Cotações
Fechamento;04/07/2018;Cotações
Fechamento;05/07/2018;Cotações
Fechamento;06/07/2018;Cotações
Fechamento;10/07/2018;Cotações
Fechamento;11/07/2018;Cotações
Fechamento;12/07/2018;Cotações
Fechamento;13/07/2018;Cotações
Fechamento;16/07/2018;Cotações
Fechamento;17/07/2018;Cotações
Fechamento;18/07/2018;Cotações
Fechamento;19/07/2018;Cotações
Fechamento;20/07/2018;Cotações
Fechamento;23/07/2018;Cotações
Fechamento;24/07/2018;Cotações
Fechamento;25/07/2018;Cotações
Fechamento;26/07/2018;Cotações
Fechamento;27/07/2018;Cotações
Fechamento;30/07/2018;Cotações
Fechamento;31/07/2018;Cotações
Fechamento;01/08/2018;Cotações
Fechamento;02/08/2018;Cotações
Fechamento;03/08/2018;Cotações
Fechamento;06/08/2018;Cotações
Fechamento;07/08/2018;Cotações
Fechamento;08/08/2018;Cotações
Fechamento;09/08/2018;Cotações
Fechamento;10/08/2018;Cotações
Fechamento;13/08/2018;Cotações
Fechamento;14/08/2018;Cotações
Fechamento;15/08/2018;Cotações
Fechamento;16/08/2018;Cotações
Fechamento;17/08/2018;Cotações
Fechamento;20/08/2018;Cotações
Fechamento;21/08/2018;Cotações
Fechamento;22/08/2018;Cotações
Fechamento;23/08/2018;Cotações
Fechamento;24/08/2018;Cotações
Fechamento;27/08/2018;Cotações
Fechamento;28/08/2018;Cotações
Fechamento;29/08/2018;Cotações
Fechamento;30/08/2018;Cotações
Fechamento;31/08/2018;Cotações
Fechamento;03/09/2018;Cotações
Fechamento;04/09/2018;Cotações
Fechamento;05/09/2018;Cotações
Fechamento;06/09/2018;Cotações
Fechamento;10/09/2018;Cotações
Fechamento;11/09/2018;Cotações
Fechamento;12/09/2018;Cotações
Fechamento;13/09/2018;Cotações
Fechamento;14/09/2018;Cotações
Fechamento;17/09/2018;Cotações
Fechamento;18/09/2018;Cotações
Fechamento;19/09/2018;Cotações
Fechamento;20/09/2018;Cotações
Fechamento;21/09/2018;Cotações
Fechamento;24/09/2018;Cotações
Fechamento;25/09/2018;Cotações
Fechamento;26/09/2018;Cotações
Fechamento;27/09/2018;Cotações
Fechamento;28/09/2018;Cotações
Fechamento;01/10/2018;Cotações
Fechamento;02/10/2018;Cotações
Fechamento;03/10/2018;Cotações
Fechamento;04/10/2018;Cotações
Fechamento;05/10/2018;Cotações
Fechamento;08/10/2018;Cotações
Fechamento;09/10/2018;Cotações
Fechamento;10/10/2018;Cotações
Fechamento;11/10/2018;Cotações
Fechamento;15/10/2018;Cotações
Fechamento;16/10/2018;Cotações
Fechamento;17/10/2018;Cotações
Fechamento;18/10/2018;Cotações
Fechamento;19/10/2018;Cotações
Fechamento;22/10/2018;Cotações
Fechamento;23/10/2018;Cotações
Fechamento;24/10/2018;Cotações
Fechamento;25/10/2018;Cotações
Fechamento;26/10/2018;Cotações
Fechamento;29/10/2018;Cotações
Fechamento;30/10/2018;Cotações
Fechamento;31/10/2018;Cotações
Fechamento;01/11/2018;Cotações
Fechamento;05/11/2018;Cotações
Fechamento;06/11/2018;Cotações
Fechamento;07/11/2018;Cotações
Fechamento;08/11/2018;Cotações
Fechamento;09/11/2018;Cotações
Fechamento;12/11/2018;Cotações
Fechamento;13/11/2018;Cotações
Fechamento;14/11/2018;Cotações
Fechamento;16/11/2018;Cotações
Fechamento;19/11/2018;Cotações
Fechamento;21/11/2018;Cotações
Fechamento;22/11/2018;Cotações
Fechamento;23/11/2018;Cotações
Fechamento;26/11/2018;Cotações
Fechamento;27/11/2018;Cotações
Fechamento;28/11/2018;Cotações
Fechamento;29/11/2018;Cotações
Fechamento;30/11/2018;Cotações
Fechamento;03/12/2018;Cotações
Fechamento;04/12/2018;Cotações
Fechamento;05/12/2018;Cotações
Fechamento;06/12/2018;Cotações
Fechamento;07/12/2018;Cotações
Fechamento;10/12/2018;Cotações
Fechamento;11/12/2018;Cotações
Fechamento;12/12/2018;Cotações
Fechamento;13/12/2018;Cotações
Fechamento;14/12/2018;Cotações
Fechamento;17/12/2018;Cotações
Fechamento;18/12/2018;Cotações
Fechamento;19/12/2018;Cotações
Fechamento;20/12/2018;Cotações
Fechamento;21/12/2018;Cotações
Fechamento;26/12/2018;Cotações
Fechamento;27/12/2018;Cotações
Fechamento;28/12/2018;Cotações
Fechamento;02/01/2019;Cotações
Fechamento;03/01/2019;Cotações
Fechamento;04/01/2019;Cotações
Fechamento;07/01/2019;Cotações
Fechamento;08/01/2019;Cotações
Fechamento;09/01/2019;Cotações
Fechamento;10/01/2019;Cotações
Fechamento;11/01/2019;Cotações
Fechamento;14/01/2019;Cotações
Fechamento;15/01/2019;Cotações
Fechamento;16/01/2019;Cotações
Fechamento;17/01/2019;Cotações
Fechamento;18/01/2019;Cotações
Fechamento;21/01/2019;Cotações
Fechamento;22/01/2019;Cotações
Fechamento;23/01/2019;Cotações
Fechamento;24/01/2019;Cotações
Fechamento;28/01/2019;Cotações
Fechamento;29/01/2019;Cotações
Fechamento;30/01/2019;Cotações
Fechamento;31/01/2019;Cotações
Fechamento;01/02/2019;Cotações
Fechamento;04/02/2019;Cotações
Fechamento;05/02/2019;Cotações
Fechamento;06/02/2019;Cotações
Fechamento;07/02/2019;Cotações
Fechamento;08/02/2019;Cotações
Fechamento;11/02/2019;Cotações
Fechamento;12/02/2019;Cotações
Fechamento;13/02/2019;Cotações
Fechamento;14/02/2019;Cotações
Fechamento;15/02/2019;Cotações
Fechamento;18/02/2019;Cotações
Fechamento;19/02/2019;Cotações
Fechamento;20/02/2019;Cotações
Fechamento;21/02/2019;Cotações
Fechamento;22/02/2019;Cotações
Fechamento;25/02/2019;Cotações
Fechamento;26/02/2019;Cotações
Fechamento;27/02/2019;Cotações
Fechamento;28/02/2019;Cotações
Fechamento;01/03/2019;Cotações
Fechamento;06/03/2019;Cotações
Fechamento;07/03/2019;Cotações
Fechamento;08/03/2019;Cotações
Fechamento;11/03/2019;Cotações
Fechamento;12/03/2019;Cotações
Fechamento;13/03/2019;Cotações
Fechamento;14/03/2019;Cotações
Fechamento;15/03/2019;Cotações
Fechamento;18/03/2019;Cotações
Fechamento;19/03/2019;Cotações
Fechamento;20/03/2019;Cotações
Fechamento;21/03/2019;Cotações
Fechamento;22/03/2019;Cotações
Fechamento;25/03/2019;Cotações
Fechamento;26/03/2019;Cotações
Fechamento;27/03/2019;Cotações
Fechamento;28/03/2019;Cotações
Fechamento;29/03/2019;Cotações
Fechamento;01/04/2019;Cotações
Fechamento;02/04/2019;Cotações
Fechamento;03/04/2019;Cotações
Fechamento;04/04/2019;Cotações
Fechamento;05/04/2019;Cotações
Fechamento;08/04/2019;Cotações
Fechamento;09/04/2019;Cotações
Fechamento;10/04/2019;Cotações
Fechamento;11/04/2019;Cotações
Fechamento;12/04/2019;Cotações
Fechamento;15/04/2019;Cotações
Fechamento;16/04/2019;Cotações
Fechamento;17/04/2019;Cotações
Fechamento;18/04/2019;Cotações
Fechamento;22/04/2019;Cotações
Fechamento;23/04/2019;Cotações
Fechamento;24/04/2019;Cotações
Fechamento;25/04/2019;Cotações
Fechamento;26/04/2019;Cotações
Fechamento;29/04/2019;Cotações
Fechamento;30/04/2019;Cotações
Fechamento;02/05/2019;Cotações
Fechamento;03/05/2019;Cotações
Fechamento;06/05/2019;Cotações
Fechamento;07/05/2019;Cotações
Fechamento;08/05/2019;Cotações
Fechamento;09/05/2019;Cotações
Fechamento;10/05/2019;Cotações
Fechamento;13/05/2019;Cotações
Fechamento;14/05/2019;Cotações
Fechamento;15/05/2019;Cotações
Fechamento;16/05/2019;Cotações
Fechamento;17/05/2019;Cotações
Fechamento;20/05/2019;Cotações
Fechamento;21/05/2019;Cotações
Fechamento;22/05/2019;Cotações
Fechamento;23/05/2019;Cotações
Fechamento;24/05/2019;Cotações
Fechamento;27/05/2019;Cotações
Fechamento;28/05/2019;Cotações
Fechamento;29/05/2019;Cotações
Fechamento;30/05/2019;Cotações
Fechamento;31/05/2019;Cotações
Fechamento;03/06/2019;Cotações
Fechamento;04/06/2019;Cotações
Fechamento;05/06/2019;Cotações
Fechamento;06/06/2019;Cotações
Fechamento;07/06/2019;Cotações
Fechamento;10/06/2019;Cotações
Fechamento;11/06/2019;Cotações
Fechamento;12/06/2019;Cotações
Fechamento;13/06/2019;Cotações
Fechamento;14/06/2019;Cotações
Fechamento;17/06/2019;Cotações
Fechamento;18/06/2019;Cotações
Fechamento;19/06/2019;Cotações
Fechamento;21/06/2019;Cotações
Fechamento;24/06/2019;Cotações
Fechamento;25/06/2019;Cotações
Fechamento;26/06/2019;Cotações
Fechamento;27/06/2019;Cotações
Fechamento;28/06/2019;Cotações
Fechamento;01/07/2019;Cotações
Fechamento;02/07/2019;Cotações
Fechamento;03/07/2019;Cotações
Fechamento;04/07/2019;Cotações
Fechamento;05/07/2019;Cotações
Fechamento;08/07/2019;Cotações
Fechamento;10/07/2019;Cotações
Fechamento;11/07/2019;Cotações
Fechamento;12/07/2019;Cotações
Fechamento;15/07/2019;Cotações
Fechamento;16/07/2019;Cotações
Fechamento;17/07/2019;Cotações
Fechamento;18/07/2019;Cotações
Fechamento;19/07/2019;Cotações
Fechamento;22/07/2019;Cotações
Fechamento;23/07/2019;Cotações
Fechamento;24/07/2019;Cotações
Fechamento;25/07/2019;Cotações
Fechamento;26/07/2019;Cotações
Fechamento;29/07/2019;Cotações
Fechamento;30/07/2019;Cotações
Fechamento;31/07/2019;Cotações
Fechamento;01/08/2019;Cotações
Fechamento;02/08/2019;Cotações
Fechamento;05/08/2019;Cotações
Fechamento;06/08/2019;Cotações
Fechamento;07/08/2019;Cotações
Fechamento;08/08/2019;Cotações
Fechamento;09/08/2019;Cotações
Fechamento;12/08/2019;Cotações
Fechamento;13/08/2019;Cotações
Fechamento;14/08/2019;Cotações
Fechamento;15/08/2019;Cotações
Fechamento;16/08/2019;Cotações
Fechamento;19/08/2019;Cotações
Fechamento;20/08/2019;Cotações
Fechamento;21/08/2019;Cotações
Fechamento;22/08/2019;Cotações
Fechamento;23/08/2019;Cotações
Fechamento;26/08/2019;Cotações
Fechamento;27/08/2019;Cotações
Fechamento;28/08/2019;Cotações
Fechamento;29/08/2019;Cotações
Fechamento;30/08/2019;Cotações
Fechamento;02/09/2019;Cotações
Fechamento;03/09/2019;Cotações
Fechamento;04/09/2019;Cotações
Fechamento;05/09/2019;Cotações
Fechamento;06/09/2019;Cotações
Fechamento;09/09/2019;Cotações
Fechamento;10/09/2019;Cotações
Fechamento;11/09/2019;Cotações
Fechamento;12/09/2019;Cotações
Fechamento;13/09/2019;Cotações
Fechamento;16/09/2019;Cotações
Fechamento;17/09/2019;Cotações
Fechamento;18/09/2019;Cotações
Fechamento;19/09/2019;Cotações
Fechamento;20/09/2019;Cotações
Fechamento;23/09/2019;Cotações
Fechamento;24/09/2019;Cotações
Fechamento;25/09/2019;Cotações
Fechamento;26/09/2019;Cotações
Fechamento;27/09/2019;Cotações
Fechamento;30/09/2019;Cotações
Fechamento;01/10/2019;Cotações
Fechamento;02/10/2019;Cotações
Fechamento;03/10/2019;Cotações
Fechamento;04/10/2019;Cotações
Fechamento;07/10/2019;Cotações
Fechamento;08/10/2019;Cotações
Fechamento;09/10/2019;Cotações
Fechamento;10/10/2019;Cotações
Fechamento;11/10/2019;Cotações
Fechamento;14/10/2019;Cotações
Fechamento;15/10/2019;Cotações
Fechamento;16/10/2019;Cotações
Fechamento;17/10/2019;Cotações
Fechamento;18/10/2019;Cotações
Fechamento;21/10/2019;Cotações
Fechamento;22/10/2019;Cotações
Fechamento;23/10/2019;Cotações
Fechamento;24/10/2019;Cotações
Fechamento;25/10/2019;Cotações
Fechamento;28/10/2019;Cotações
Fechamento;29/10/2019;Cotações
Fechamento;30/10/2019;Cotações
Fechamento;31/10/2019;Cotações
Fechamento;01/11/2019;Cotações
Fechamento;04/11/2019;Cotações
Fechamento;05/11/2019;Cotações
Fechamento;06/11/2019;Cotações
Fechamento;07/11/2019;Cotações
Fechamento;08/11/2019;Cotações
Fechamento;11/11/2019;Cotações
Fechamento;12/11/2019;Cotações
Fechamento;13/11/2019;Cotações
Fechamento;14/11/2019;Cotações
Fechamento;18/11/2019;Cotações
Fechamento;19/11/2019;Cotações
Fechamento;21/11/2019;Cotações
Fechamento;22/11/2019;Cotações
Fechamento;25/11/2019;Cotações
Fechamento;26/11/2019;Cotações
Fechamento;27/11/2019;Cotações
Fechamento;28/11/2019;Cotações
Fechamento;29/11/2019;Cotações
Fechamento;02/12/2019;Cotações
Fechamento;03/12/2019;Cotações
Fechamento;04/12/2019;Cotações
Fechamento;05/12/2019;Cotações
Fechamento;06/12/2019;Cotações
Fechamento;09/12/2019;Cotações
Fechamento;10/12/2019;Cotações
Fechamento;11/12/2019;Cotações
Fechamento;12/12/2019;Cotações
Fechamento;13/12/2019;Cotações
Fechamento;16/12/2019;Cotações
Fechamento;17/12/2019;Cotações
Fechamento;18/12/2019;Cotações
Fechamento;19/12/2019;Cotações
Fechamento;20/12/2019;Cotações
Fechamento;23/12/2019;Cotações
Fechamento;26/12/2019;Cotações
Fechamento;27/12/2019;Cotações
Fechamento;30/12/2019;Cotações
Fechamento;02/01/2020;Cotações
Fechamento;03/01/2020;Cotações
Fechamento;06/01/2020;Cotações
Fechamento;07/01/2020;Cotações
Fechamento;08/01/2020;Cotações
Fechamento;09/01/2020;Cotações
Fechamento;10/01/2020;Cotações
Fechamento;13/01/2020;Cotações
Fechamento;14/01/2020;Cotações
Fechamento;15/01/2020;Cotações
Fechamento;16/01/2020;Cotações
Fechamento;17/01/2020;Cotações
Fechamento;20/01/2020;Cotações
Fechamento;21/01/2020;Cotações
Fechamento;22/01/2020;Cotações
Fechamento;23/01/2020;Cotações
Fechamento;24/01/2020;Cotações
Fechamento;27/01/2020;Cotações
Fechamento;28/01/2020;Cotações
Fechamento;29/01/2020;Cotações
Fechamento;30/01/2020;Cotações
Fechamento;31/01/2020;Cotações
Fechamento;03/02/2020;Cotações
Fechamento;04/02/2020;Cotações
Fechamento;05/02/2020;Cotações
Fechamento;06/02/2020;Cotações
Fechamento;07/02/2020;Cotações
Fechamento;10/02/2020;Cotações
Fechamento;11/02/2020;Cotações
Fechamento;12/02/2020;Cotações
Fechamento;13/02/2020;Cotações
Fechamento;14/02/2020;Cotações
Fechamento;17/02/2020;Cotações
Fechamento;18/02/2020;Cotações
Fechamento;19/02/2020;Cotações
Fechamento;20/02/2020;Cotações
Fechamento;21/02/2020;Cotações
Fechamento;26/02/2020;Cotações
Fechamento;27/02/2020;Cotações
Fechamento;28/02/2020;Cotações
Fechamento;02/03/2020;Cotações
Fechamento;03/03/2020;Cotações
Fechamento;04/03/2020;Cotações
Fechamento;05/03/2020;Cotações
Fechamento;06/03/2020;Cotações
Fechamento;09/03/2020;Cotações
Fechamento;10/03/2020;Cotações
Fechamento;11/03/2020;Cotações
Fechamento;12/03/2020;Cotações
Fechamento;13/03/2020;Cotações
Fechamento;16/03/2020;Cotações
Fechamento;17/03/2020;Cotações
Fechamento;18/03/2020;Cotações
Fechamento;19/03/2020;Cotações
Fechamento;20/03/2020;Cotações
Fechamento;23/03/2020;Cotações
Fechamento;24/03/2020;Cotações
Fechamento;25/03/2020;Cotações
Fechamento;26/03/2020;Cotações
Fechamento;27/03/2020;Cotações
Fechamento;30/03/2020;Cotações
Fechamento;31/03/2020;Cotações
Fechamento;01/04/2020;Cotações
Fechamento;02/04/2020;Cotações
Fechamento;03/04/2020;Cotações
Fechamento;06/04/2020;Cotações
Fechamento;07/04/2020;Cotações
Fechamento;08/04/2020;Cotações
Fechamento;09/04/2020;Cotações
Fechamento;13/04/2020;Cotações
Fechamento;14/04/2020;Cotações
Fechamento;15/04/2020;Cotações
Fechamento;16/04/2020;Cotações
Fechamento;17/04/2020;Cotações
Fechamento;20/04/2020;Cotações
Fechamento;22/04/2020;Cotações
Fechamento;23/04/2020;Cotações
Fechamento;24/04/2020;Cotações
Fechamento;27/04/2020;Cotações
Fechamento;28/04/2020;Cotações
Fechamento;29/04/2020;Cotações
Fechamento;30/04/2020;Cotações
Fechamento;04/05/2020;Cotações
Fechamento;05/05/2020;Cotações
Fechamento;06/05/2020;Cotações
Fechamento;07/05/2020;Cotações
Fechamento;08/05/2020;Cotações
Fechamento;11/05/2020;Cotações
Fechamento;12/05/2020;Cotações
Fechamento;13/05/2020;Cotações
Fechamento;14/05/2020;Cotações
Fechamento;15/05/2020;Cotações
Fechamento;18/05/2020;Cotações
Fechamento;19/05/2020;Cotações
Fechamento;20/05/2020;Cotações
Fechamento;21/05/2020;Cotações
Fechamento;22/05/2020;Cotações
Fechamento;25/05/2020;Cotações
Fechamento;26/05/2020;Cotações
Fechamento;27/05/2020;Cotações
Fechamento;28/05/2020;Cotações
Fechamento;29/05/2020;Cotações
Fechamento;01/06/2020;Cotações
Fechamento;02/06/2020;Cotações
Fechamento;03/06/2020;Cotações
Fechamento;04/06/2020;Cotações
Fechamento;05/06/2020;Cotações
Fechamento;08/06/2020;Cotações
Fechamento;09/06/2020;Cotações
Fechamento;10/06/2020;Cotações
Fechamento;12/06/2020;Cotações
Fechamento;15/06/2020;Cotações
Fechamento;16/06/2020;Cotações
Fechamento;17/06/2020;Cotações
Fechamento;18/06/2020;Cotações
Fechamento;19/06/2020;Cotações
Fechamento;22/06/2020;Cotações
Fechamento;23/06/2020;Cotações
Fechamento;24/06/2020;Cotações
Fechamento;25/06/2020;Cotações
Fechamento;26/06/2020;Cotações
Fechamento;29/06/2020;Cotações
Fechamento;30/06/2020;Cotações
Fechamento;01/07/2020;Cotações
Fechamento;02/07/2020;Cotações
Fechamento;03/07/2020;Cotações
Fechamento;06/07/2020;Cotações
Fechamento;07/07/2020;Cotações
Fechamento;08/07/2020;Cotações
Fechamento;09/07/2020;Cotações
Fechamento;10/07/2020;Cotações
Fechamento;13/07/2020;Cotações
Fechamento;14/07/2020;Cotações
Fechamento;15/07/2020;Cotações
Fechamento;16/07/2020;Cotações
Fechamento;17/07/2020;Cotações
Fechamento;20/07/2020;Cotações
Fechamento;21/07/2020;Cotações
Fechamento;22/07/2020;Cotações
Fechamento;23/07/2020;Cotações
Fechamento;24/07/2020;Cotações
Fechamento;27/07/2020;Cotações
Fechamento;28/07/2020;Cotações
Fechamento;29/07/2020;Cotações
Fechamento;30/07/2020;Cotações
Fechamento;31/07/2020;Cotações
Fechamento;03/08/2020;Cotações
Fechamento;04/08/2020;Cotações
Fechamento;05/08/2020;Cotações
Fechamento;06/08/2020;Cotações
Fechamento;07/08/2020;Cotações
Fechamento;10/08/2020;Cotações
Fechamento;11/08/2020;Cotações
Fechamento;12/08/2020;Cotações
Fechamento;13/08/2020;Cotações
Fechamento;14/08/2020;Cotações
Fechamento;17/08/2020;Cotações
Fechamento;18/08/2020;Cotações
Fechamento;19/08/2020;Cotações
Fechamento;20/08/2020;Cotações
Fechamento;21/08/2020;Cotações
Fechamento;24/08/2020;Cotações
Fechamento;25/08/2020;Cotações
Fechamento;26/08/2020;Cotações
Fechamento;27/08/2020;Cotações
Fechamento;28/08/2020;Cotações
Fechamento;31/08/2020;Cotações
Fechamento;01/09/2020;Cotações
Fechamento;02/09/2020;Cotações
Fechamento;03/09/2020;Cotações
Fechamento;04/09/2020;Cotações
Fechamento;08/09/2020;Cotações
Fechamento;09/09/2020;Cotações
Fechamento;10/09/2020;Cotações
Fechamento;11/09/2020;Cotações
Fechamento;14/09/2020;Cotações
Fechamento;15/09/2020;Cotações
Fechamento;16/09/2020;Cotações
Fechamento;17/09/2020;Cotações
Fechamento;18/09/2020;Cotações
Fechamento;21/09/2020;Cotações
Fechamento;22/09/2020;Cotações
Fechamento;23/09/2020;Cotações
Fechamento;24/09/2020;Cotações
Fechamento;25/09/2020;Cotações
Fechamento;28/09/2020;Cotações
Fechamento;29/09/2020;Cotações
Fechamento;30/09/2020;Cotações
Fechamento;01/10/2020;Cotações
Fechamento;02/10/2020;Cotações
Fechamento;05/10/2020;Cotações
Fechamento;06/10/2020;Cotações
Fechamento;07/10/2020;Cotações
Fechamento;08/10/2020;Cotações
Fechamento;09/10/2020;Cotações
Fechamento;13/10/2020;Cotações
Fechamento;14/10/2020;Cotações
Fechamento;15/10/2020;Cotações
Fechamento;16/10/2020;Cotações
Fechamento;19/10/2020;Cotações
Fechamento;20/10/2020;Cotações
Fechamento;21/10/2020;Cotações
Fechamento;22/10/2020;Cotações
Fechamento;23/10/2020;Cotações
Fechamento;26/10/2020;Cotações
Fechamento;27/10/2020;Cotações
Fechamento;28/10/2020;Cotações
Fechamento;29/10/2020;Cotações
Fechamento;30/10/2020;Cotações
Fechamento;03/11/2020;Cotações
Fechamento;04/11/2020;Cotações
Fechamento;05/11/2020;Cotações
Fechamento;06/11/2020;Cotações
Fechamento;09/11/2020;Cotações
Fechamento;10/11/2020;Cotações
Fechamento;11/11/2020;Cotações
Fechamento;12/11/2020;Cotações
Fechamento;13/11/2020;Cotações
Fechamento;16/11/2020;Cotações
Fechamento;17/11/2020;Cotações
Fechamento;18/11/2020;Cotações
Fechamento;19/11/2020;Cotações
Fechamento;20/11/2020;Cotações
Fechamento;23/11/2020;Cotações
Fechamento;24/11/2020;Cotações
Fechamento;25/11/2020;Cotações
Fechamento;26/11/2020;Cotações
Fechamento;27/11/2020;Cotações
Fechamento;30/11/2020;Cotações
Fechamento;01/12/2020;Cotações
Fechamento;02/12/2020;Cotações
Fechamento;03/12/2020;Cotações
Fechamento;04/12/2020;Cotações
Fechamento;07/12/2020;Cotações
Fechamento;08/12/2020;Cotações
Fechamento;09/12/2020;Cotações
Fechamento;10/12/2020;Cotações
Fechamento;11/12/2020;Cotações
Fechamento;14/12/2020;Cotações
Fechamento;15/12/2020;Cotações
Fechamento;16/12/2020;Cotações
Fechamento;17/12/2020;Cotações
Fechamento;18/12/2020;Cotações
Fechamento;21/12/2020;Cotações
Fechamento;22/12/2020;Cotações
Fechamento;23/12/2020;Cotações
Fechamento;28/12/2020;Cotações
Fechamento;29/12/2020;Cotações
Fechamento;30/12/2020;Cotações
Fechamento;04/01/2021;Cotações
Fechamento;05/01/2021;Cotações
Fechamento;06/01/2021;Cotações
Fechamento;07/01/2021;Cotações
Fechamento;08/01/2021;Cotações
Fechamento;11/01/2021;Cotações
Fechamento;12/01/2021;Cotações
Fechamento;13/01/2021;Cotações
Fechamento;14/01/2021;Cotações
Fechamento;15/01/2021;Cotações
Fechamento;18/01/2021;Cotações
Fechamento;19/01/2021;Cotações
Fechamento;20/01/2021;Cotações
Fechamento;21/01/2021;Cotações
Fechamento;22/01/2021;Cotações
Fechamento;26/01/2021;Cotações
Fechamento;27/01/2021;Cotações
Fechamento;28/01/2021;Cotações
Fechamento;29/01/2021;Cotações
Fechamento;01/02/2021;Cotações
Fechamento;02/02/2021;Cotações
Fechamento;03/02/2021;Cotações
Fechamento;04/02/2021;Cotações
Fechamento;05/02/2021;Cotações
Fechamento;08/02/2021;Cotações
Fechamento;09/02/2021;Cotações
Fechamento;10/02/2021;Cotações
Fechamento;11/02/2021;Cotações
Fechamento;12/02/2021;Cotações
Fechamento;17/02/2021;Cotações
Fechamento;18/02/2021;Cotações
Fechamento;19/02/2021;Cotações
Fechamento;22/02/2021;Cotações
Fechamento;23/02/2021;Cotações
Fechamento;24/02/2021;Cotações
Fechamento;25/02/2021;Cotações
Fechamento;26/02/2021;Cotações
Fechamento;01/03/2021;Cotações
Fechamento;02/03/2021;Cotações
Fechamento;03/03/2021;Cotações
Fechamento;04/03/2021;Cotações
Fechamento;05/03/2021;Cotações
Fechamento;08/03/2021;Cotações
Fechamento;09/03/2021;Cotações
Fechamento;10/03/2021;Cotações
Fechamento;11/03/2021;Cotações
Fechamento;12/03/2021;Cotações
Fechamento;15/03/2021;Cotações
Fechamento;16/03/2021;Cotações
Fechamento;17/03/2021;Cotações
Fechamento;18/03/2021;Cotações
Fechamento;19/03/2021;Cotações
Fechamento;22/03/2021;Cotações
Fechamento;23/03/2021;Cotações
Fechamento;24/03/2021;Cotações
Fechamento;25/03/2021;Cotações
Fechamento;26/03/2021;Cotações
Fechamento;29/03/2021;Cotações
Fechamento;30/03/2021;Cotações
Fechamento;31/03/2021;Cotações
Fechamento;01/04/2021;Cotações
Fechamento;05/04/2021;Cotações
Fechamento;06/04/2021;Cotações
Fechamento;07/04/2021;Cotações
Fechamento;08/04/2021;Cotações
Fechamento;09/04/2021;Cotações
Fechamento;12/04/2021;Cotações
Fechamento;13/04/2021;Cotações
Fechamento;14/04/2021;Cotações
Fechamento;15/04/2021;Cotações
Fechamento;16/04/2021;Cotações
Fechamento;19/04/2021;Cotações
Fechamento;20/04/2021;Cotações
Fechamento;22/04/2021;Cotações
Fechamento;23/04/2021;Cotações
Fechamento;26/04/2021;Cotações
Fechamento;27/04/2021;Cotações
Fechamento;28/04/2021;Cotações
Fechamento;29/04/2021;Cotações
Fechamento;30/04/2021;Cotações
Fechamento;03/05/2021;Cotações
Fechamento;04/05/2021;Cotações
Fechamento;05/05/2021;Cotações
Fechamento;06/05/2021;Cotações
Fechamento;07/05/2021;Cotações
Fechamento;10/05/2021;Cotações
Fechamento;11/05/2021;Cotações
Fechamento;12/05/2021;Cotações
Fechamento;13/05/2021;Cotações
Fechamento;14/05/2021;Cotações
Fechamento;17/05/2021;Cotações
Fechamento;18/05/2021;Cotações
Fechamento;19/05/2021;Cotações
Fechamento;20/05/2021;Cotações
Fechamento;21/05/2021;Cotações
Fechamento;24/05/2021;Cotações
Fechamento;25/05/2021;Cotações
Fechamento;26/05/2021;Cotações
Fechamento;27/05/2021;Cotações
Fechamento;28/05/2021;Cotações
Fechamento;31/05/2021;Cotações
Fechamento;01/06/2021;Cotações
Fechamento;02/06/2021;Cotações
Fechamento;04/06/2021;Cotações
Fechamento;07/06/2021;Cotações
Fechamento;08/06/2021;Cotações
Fechamento;09/06/2021;Cotações
Fechamento;10/06/2021;Cotações
Fechamento;11/06/2021;Cotações
Fechamento;14/06/2021;Cotações
Fechamento;15/06/2021;Cotações
Fechamento;16/06/2021;Cotações
Fechamento;17/06/2021;Cotações
Fechamento;18/06/2021;Cotações
Fechamento;21/06/2021;Cotações
Fechamento;22/06/2021;Cotações
Fechamento;23/06/2021;Cotações
Fechamento;24/06/2021;Cotações
Fechamento;25/06/2021;Cotações
Fechamento;28/06/2021;Cotações
Fechamento;29/06/2021;Cotações
Fechamento;30/06/2021;Cotações
Fechamento;01/07/2021;Cotações
Fechamento;02/07/2021;Cotações
Fechamento;05/07/2021;Cotações
Fechamento;06/07/2021;Cotações
Fechamento;07/07/2021;Cotações
Fechamento;08/07/2021;Cotações
Fechamento;12/07/2021;Cotações
Fechamento;13/07/2021;Cotações
Fechamento;14/07/2021;Cotações
Fechamento;15/07/2021;Cotações
Fechamento;16/07/2021;Cotações
Fechamento;19/07/2021;Cotações
Fechamento;20/07/2021;Cotações
Fechamento;21/07/2021;Cotações
Fechamento;22/07/2021;Cotações
Fechamento;23/07/2021;Cotações
Fechamento;26/07/2021;Cotações
Fechamento;27/07/2021;Cotações
Fechamento;28/07/2021;Cotações
Fechamento;29/07/2021;Cotações
Fechamento;30/07/2021;Cotações
Fechamento;02/08/2021;Cotações
Fechamento;03/08/2021;Cotações
Fechamento;04/08/2021;Cotações
Fechamento;05/08/2021;Cotações
Fechamento;06/08/2021;Cotações
Fechamento;09/08/2021;Cotações
Fechamento;10/08/2021;Cotações
Fechamento;11/08/2021;Cotações
Fechamento;12/08/2021;Cotações
Fechamento;13/08/2021;Cotações
Fechamento;16/08/2021;Cotações
Fechamento;17/08/2021;Cotações
Fechamento;18/08/2021;Cotações
Fechamento;19/08/2021;Cotações
Fechamento;20/08/2021;Cotações
Fechamento;23/08/2021;Cotações
Fechamento;24/08/2021;Cotações
Fechamento;25/08/2021;Cotações
Fechamento;26/08/2021;Cotações
Fechamento;27/08/2021;Cotações
Fechamento;30/08/2021;Cotações
Fechamento;31/08/2021;Cotações
Fechamento;01/09/2021;Cotações
Fechamento;02/09/2021;Cotações
Fechamento;03/09/2021;Cotações
Fechamento;06/09/2021;Cotações
Fechamento;08/09/2021;Cotações
Fechamento;09/09/2021;Cotações
Fechamento;10/09/2021;Cotações
Fechamento;13/09/2021;Cotações
Fechamento;14/09/2021;Cotações
Fechamento;15/09/2021;Cotações
Fechamento;16/09/2021;Cotações
Fechamento;17/09/2021;Cotações
Fechamento;20/09/2021;Cotações
Fechamento;21/09/2021;Cotações
Fechamento;22/09/2021;Cotações
Fechamento;23/09/2021;Cotações
Fechamento;24/09/2021;Cotações
Fechamento;27/09/2021;Cotações
Fechamento;28/09/2021;Cotações
Fechamento;29/09/2021;Cotações
Fechamento;30/09/2021;Cotações
Fechamento;01/10/2021;Cotações
Fechamento;04/10/2021;Cotações
Fechamento;05/10/2021;Cotações
Fechamento;06/10/2021;Cotações
Fechamento;07/10/2021;Cotações
Fechamento;08/10/2021;Cotações
Fechamento;11/10/2021;Cotações
Fechamento;13/10/2021;Cotações
Fechamento;14/10/2021;Cotações
Fechamento;15/10/2021;Cotações
Fechamento;18/10/2021;Cotações
Fechamento;19/10/2021;Cotações
Fechamento;20/10/2021;Cotações
Fechamento;21/10/2021;Cotações
Fechamento;22/10/2021;Cotações
Fechamento;25/10/2021;Cotações
Fechamento;26/10/2021;Cotações
Fechamento;27/10/2021;Cotações
Fechamento;28/10/2021;Cotações
Fechamento;29/10/2021;Cotações
Fechamento;01/11/2021;Cotações
Fechamento;03/11/2021;Cotações
Fechamento;04/11/2021;Cotações
Fechamento;05/11/2021;Cotações
Fechamento;08/11/2021;Cotações
Fechamento;09/11/2021;Cotações
Fechamento;10/11/2021;Cotações
Fechamento;11/11/2021;Cotações
Fechamento;12/11/2021;Cotações
Fechamento;16/11/2021;Cotações
Fechamento;17/11/2021;Cotações
Fechamento;18/11/2021;Cotações
Fechamento;19/11/2021;Cotações
Fechamento;22/11/2021;Cotações
Fechamento;23/11/2021;Cotações
Fechamento;24/11/2021;Cotações
Fechamento;25/11/2021;Cotações
Fechamento;26/11/2021;Cotações
Fechamento;29/11/2021;Cotações
Fechamento;30/11/2021;Cotações
Fechamento;01/12/2021;Cotações
Fechamento;02/12/2021;Cotações
Fechamento;03/12/2021;Cotações
Fechamento;06/12/2021;Cotações
Fechamento;07/12/2021;Cotações
Fechamento;08/12/2021;Cotações
Fechamento;09/12/2021;Cotações
Fechamento;10/12/2021;Cotações
Fechamento;13/12/2021;Cotações
Fechamento;14/12/2021;Cotações
Fechamento;15/12/2021;Cotações
Fechamento;16/12/2021;Cotações
Fechamento;17/12/2021;Cotações
Fechamento;20/12/2021;Cotações
Fechamento;21/12/2021;Cotações
Fechamento;22/12/2021;Cotações
Fechamento;23/12/2021;Cotações
Fechamento;27/12/2021;Cotações
Fechamento;28/12/2021;Cotações
Fechamento;29/12/2021;Cotações
Fechamento;30/12/2021;Cotações
Fechamento;03/01/2022;Cotações
Fechamento;04/01/2022;Cotações
Fechamento;05/01/2022;Cotações
Fechamento;06/01/2022;Cotações
Fechamento;07/01/2022;Cotações
Fechamento;10/01/2022;Cotações
Fechamento;11/01/2022;Cotações
Fechamento;12/01/2022;Cotações
Fechamento;13/01/2022;Cotações
Fechamento;14/01/2022;Cotações
Fechamento;17/01/2022;Cotações
Fechamento;18/01/2022;Cotações
Fechamento;19/01/2022;Cotações
Fechamento;20/01/2022;Cotações
Fechamento;21/01/2022;Cotações
Fechamento;24/01/2022;Cotações
Fechamento;25/01/2022;Cotações
Fechamento;26/01/2022;Cotações
Fechamento;27/01/2022;Cotações
Fechamento;28/01/2022;Cotações
Fechamento;31/01/2022;Cotações
Fechamento;01/02/2022;Cotações
Fechamento;02/02/2022;Cotações
Fechamento;03/02/2022;Cotações
Fechamento;04/02/2022;Cotações
Fechamento;07/02/2022;Cotações
Fechamento;08/02/2022;Cotações
Fechamento;09/02/2022;Cotações
Fechamento;10/02/2022;Cotações
Fechamento;11/02/2022;Cotações
Fechamento;14/02/2022;Cotações
Fechamento;15/02/2022;Cotações
Fechamento;16/02/2022;Cotações
Fechamento;17/02/2022;Cotações
Fechamento;18/02/2022;Cotações
Fechamento;21/02/2022;Cotações
Fechamento;22/02/2022;Cotações
Fechamento;23/02/2022;Cotações
Fechamento;24/02/2022;Cotações
Fechamento;25/02/2022;Cotações
Fechamento;02/03/2022;Cotações
Fechamento;03/03/2022;Cotações
Fechamento;04/03/2022;Cotações
Fechamento;07/03/2022;Cotações
Fechamento;08/03/2022;Cotações
Fechamento;09/03/2022;Cotações
Fechamento;10/03/2022;Cotações
Fechamento;11/03/2022;Cotações
Fechamento;14/03/2022;Cotações
Fechamento;15/03/2022;Cotações
Fechamento;16/03/2022;Cotações
Fechamento;17/03/2022;Cotações
Fechamento;18/03/2022;Cotações
Fechamento;21/03/2022;Cotações
Fechamento;22/03/2022;Cotações
Fechamento;23/03/2022;Cotações
Fechamento;24/03/2022;Cotações
Fechamento;25/03/2022;Cotações
Fechamento;28/03/2022;Cotações
Fechamento;29/03/2022;Cotações
Fechamento;30/03/2022;Cotações
Fechamento;31/03/2022;Cotações
Fechamento;01/04/2022;Cotações
Fechamento;04/04/2022;Cotações
Fechamento;05/04/2022;Cotações
Fechamento;06/04/2022;Cotações
Fechamento;07/04/2022;Cotações
Fechamento;08/04/2022;Cotações
Fechamento;11/04/2022;Cotações
Fechamento;12/04/2022;Cotações
Fechamento;13/04/2022;Cotações
Fechamento;14/04/2022;Cotações
Fechamento;18/04/2022;Cotações
Fechamento;19/04/2022;Cotações
Fechamento;20/04/2022;Cotações
Fechamento;22/04/2022;Cotações
Fechamento;25/04/2022;Cotações
Fechamento;26/04/2022;Cotações
Fechamento;27/04/2022;Cotações
Fechamento;28/04/2022;Cotações
Fechamento;29/04/2022;Cotações
Fechamento;02/05/2022;Cotações
Fechamento;03/05/2022;Cotações
Fechamento;04/05/2022;Cotações
Fechamento;05/05/2022;Cotações
Fechamento;06/05/2022;Cotações
Fechamento;09/05/2022;Cotações
Fechamento;10/05/2022;Cotações
Fechamento;11/05/2022;Cotações
Fechamento;12/05/2022;Cotações
Fechamento;13/05/2022;Cotações
Fechamento;16/05/2022;Cotações
Fechamento;17/05/2022;Cotações
Fechamento;18/05/2022;Cotações
Fechamento;19/05/2022;Cotações
Fechamento;20/05/2022;Cotações
Fechamento;23/05/2022;Cotações
Fechamento;24/05/2022;Cotações
Fechamento;25/05/2022;Cotações
Fechamento;26/05/2022;Cotações
Fechamento;27/05/2022;Cotações
Fechamento;30/05/2022;Cotações
Fechamento;31/05/2022;Cotações
Fechamento;01/06/2022;Cotações
Fechamento;02/06/2022;Cotações
Fechamento;03/06/2022;Cotações
Fechamento;06/06/2022;Cotações
Fechamento;07/06/2022;Cotações
Fechamento;08/06/2022;Cotações
Fechamento;09/06/2022;Cotações
Fechamento;10/06/2022;Cotações
Fechamento;13/06/2022;Cotações
Fechamento;14/06/2022;Cotações
Fechamento;15/06/2022;Cotações
Fechamento;17/06/2022;Cotações
Fechamento;20/06/2022;Cotações
Fechamento;21/06/2022;Cotações
Fechamento;22/06/2022;Cotações
Fechamento;23/06/2022;Cotações
Fechamento;24/06/2022;Cotações
Fechamento;27/06/2022;Cotações
Fechamento;28/06/2022;Cotações
Fechamento;29/06/2022;Cotações
Fechamento;30/06/2022;Cotações
Fechamento;01/07/2022;Cotações
Fechamento;04/07/2022;Cotações
Fechamento;05/07/2022;Cotações
Fechamento;06/07/2022;Cotações
Fechamento;07/07/2022;Cotações
Fechamento;08/07/2022;Cotações
Fechamento;11/07/2022;Cotações
Fechamento;12/07/2022;Cotações
Fechamento;13/07/2022;Cotações
Fechamento;14/07/2022;Cotações
Fechamento;15/07/2022;Cotações
Fechamento;18/07/2022;Cotações
Fechamento;19/07/2022;Cotações
Fechamento;20/07/2022;Cotações
Fechamento;21/07/2022;Cotações
Fechamento;22/07/2022;Cotações
Fechamento;25/07/2022;Cotações
Fechamento;26/07/2022;Cotações
Fechamento;27/07/2022;Cotações
Fechamento;28/07/2022;Cotações
Fechamento;29/07/2022;Cotações
Fechamento;01/08/2022;Cotações
Fechamento;02/08/2022;Cotações
Fechamento;03/08/2022;Cotações
Fechamento;04/08/2022;Cotações
Fechamento;05/08/2022;Cotações
Fechamento;08/08/2022;Cotações
Fechamento;09/08/2022;Cotações
Fechamento;10/08/2022;Cotações
Fechamento;11/08/2022;Cotações
Fechamento;12/08/2022;Cotações
Fechamento;15/08/2022;Cotações
Fechamento;16/08/2022;Cotações
Fechamento;17/08/2022;Cotações
Fechamento;18/08/2022;Cotações
Fechamento;19/08/2022;Cotações
Fechamento;22/08/2022;Cotações
Fechamento;23/08/2022;Cotações
Fechamento;24/08/2022;Cotações
Fechamento;25/08/2022;Cotações
Fechamento;26/08/2022;Cotações
Fechamento;29/08/2022;Cotações
Fechamento;30/08/2022;Cotações
Fechamento;31/08/2022;Cotações
Fechamento;01/09/2022;Cotações
Fechamento;02/09/2022;Cotações
Fechamento;05/09/2022;Cotações
Fechamento;06/09/2022;Cotações
Fechamento;08/09/2022;Cotações
Fechamento;09/09/2022;Cotações
Fechamento;12/09/2022;Cotações
Fechamento;13/09/2022;Cotações
Fechamento;14/09/2022;Cotações
Fechamento;15/09/2022;Cotações
Fechamento;16/09/2022;Cotações
Fechamento;19/09/2022;Cotações
Fechamento;20/09/2022;Cotações
Fechamento;21/09/2022;Cotações
Fechamento;22/09/2022;Cotações
Fechamento;23/09/2022;Cotações
Fechamento;26/09/2022;Cotações
Fechamento;27/09/2022;Cotações
Fechamento;28/09/2022;Cotações
Fechamento;29/09/2022;Cotações
Fechamento;30/09/2022;Cotações
Fechamento;03/10/2022;Cotações
Fechamento;04/10/2022;Cotações
Fechamento;05/10/2022;Cotações
Fechamento;06/10/2022;Cotações
Fechamento;07/10/2022;Cotações
Fechamento;10/10/2022;Cotações
Fechamento;11/10/2022;Cotações
Fechamento;13/10/2022;Cotações
Fechamento;14/10/2022;Cotações
Fechamento;17/10/2022;Cotações
Fechamento;18/10/2022;Cotações
Fechamento;19/10/2022;Cotações
Fechamento;20/10/2022;Cotações
Fechamento;21/10/2022;Cotações
Fechamento;24/10/2022;Cotações
Fechamento;25/10/2022;Cotações
Fechamento;26/10/2022;Cotações
Fechamento;27/10/2022;Cotações
Fechamento;28/10/2022;Cotações
Fechamento;31/10/2022;Cotações
Fechamento;01/11/2022;Cotações
Fechamento;03/11/2022;Cotações
Fechamento;04/11/2022;Cotações
Fechamento;07/11/2022;Cotações
Fechamento;08/11/2022;Cotações
Fechamento;09/11/2022;Cotações
Fechamento;10/11/2022;Cotações
Fechamento;11/11/2022;Cotações
Fechamento;14/11/2022;Cotações
Fechamento;16/11/2022;Cotações
Fechamento;17/11/2022;Cotações
Fechamento;18/11/2022;Cotações
Fechamento;21/11/2022;Cotações
Fechamento;22/11/2022;Cotações
Fechamento;23/11/2022;Cotações
Fechamento;24/11/2022;Cotações
Fechamento;25/11/2022;Cotações
Fechamento;28/11/2022;Cotações
Fechamento;29/11/2022;Cotações
Fechamento;30/11/2022;Cotações
Fechamento;01/12/2022;Cotações
Fechamento;02/12/2022;Cotações
Fechamento;05/12/2022;Cotações
Fechamento;06/12/2022;Cotações
Fechamento;07/12/2022;Cotações
Fechamento;08/12/2022;Cotações
Fechamento;09/12/2022;Cotações
Fechamento;12/12/2022;Cotações
Fechamento;13/12/2022;Cotações
Fechamento;14/12/2022;Cotações
Fechamento;15/12/2022;Cotações
Fechamento;16/12/2022;Cotações
Fechamento;19/12/2022;Cotações
Fechamento;20/12/2022;Cotações
Fechamento;21/12/2022;Cotações
Fechamento;22/12/2022;Cotações
Fechamento;23/12/2022;Cotações
Fechamento;26/12/2022;Cotações
Fechamento;27/12/2022;Cotações
Fechamento;28/12/2022;Cotações
Fechamento;29/12/2022;Cotações
Fechamento;02/01/2023;Cotações
Fechamento;03/01/2023;Cotações
Fechamento;04/01/2023;Cotações
Fechamento;05/01/2023;Cotações
Fechamento;06/01/2023;Cotações
Fechamento;09/01/2023;Cotações
Fechamento;10/01/2023;Cotações
Fechamento;11/01/2023;Cotações
Fechamento;12/01/2023;Cotações
Fechamento;13/01/2023;Cotações
Fechamento;16/01/2023;Cotações
Fechamento;17/01/2023;Cotações
Fechamento;18/01/2023;Cotações
Fechamento;19/01/2023;Cotações
Fechamento;20/01/2023;Cotações
Fechamento;23/01/2023;Cotações
Fechamento;24/01/2023;Cotações
Fechamento;25/01/2023;Cotações
Fechamento;26/01/2023;Cotações
Fechamento;27/01/2023;Cotações
Fechamento;30/01/2023;Cotações
Fechamento;31/01/2023;Cotações
Fechamento;01/02/2023;Cotações
Fechamento;02/02/2023;Cotações
Fechamento;03/02/2023;Cotações
Fechamento;06/02/2023;Cotações
Fechamento;07/02/2023;Cotações
Fechamento;08/02/2023;Cotações
Fechamento;09/02/2023;Cotações
Fechamento;10/02/2023;Cotações
Fechamento;13/02/2023;Cotações
Fechamento;14/02/2023;Cotações
Fechamento;15/02/2023;Cotações
Fechamento;16/02/2023;Cotações
Fechamento;17/02/2023;Cotações
Fechamento;22/02/2023;Cotações
Fechamento;23/02/2023;Cotações
Fechamento;24/02/2023;Cotações
Fechamento;27/02/2023;Cotações
Fechamento;28/02/2023;Cotações
Fechamento;01/03/2023;Cotações
Fechamento;02/03/2023;Cotações
Fechamento;03/03/2023;Cotações
Fechamento;06/03/2023;Cotações
Fechamento;07/03/2023;Cotações
Fechamento;08/03/2023;Cotações
Fechamento;09/03/2023;Cotações
Fechamento;10/03/2023;Cotações
Fechamento;13/03/2023;Cotações
Fechamento;14/03/2023;Cotações
Fechamento;15/03/2023;Cotações
Fechamento;16/03/2023;Cotações
Fechamento;17/03/2023;Cotações
Fechamento;20/03/2023;Cotações
Fechamento;21/03/2023;Cotações
Fechamento;22/03/2023;Cotações
Fechamento;23/03/2023;Cotações
Fechamento;24/03/2023;Cotações
Fechamento;27/03/2023;Cotações
Fechamento;28/03/2023;Cotações
Fechamento;29/03/2023;Cotações
Fechamento;30/03/2023;Cotações
Fechamento;31/03/2023;Cotações
Fechamento;03/04/2023;Cotações
Fechamento;04/04/2023;Cotações
Fechamento;05/04/2023;Cotações
Fechamento;06/04/2023;Cotações
Fechamento;10/04/2023;Cotações
Fechamento;11/04/2023;Cotações
Fechamento;12/04/2023;Cotações
Fechamento;13/04/2023;Cotações
Fechamento;14/04/2023;Cotações
Fechamento;17/04/2023;Cotações
Fechamento;18/04/2023;Cotações
Fechamento;19/04/2023;Cotações
Fechamento;20/04/2023;Cotações
Fechamento;24/04/2023;Cotações
Fechamento;25/04/2023;Cotações
Fechamento;26/04/2023;Cotações
Fechamento;27/04/2023;Cotações
Fechamento;28/04/2023;Cotações
Fechamento;02/05/2023;Cotações
Fechamento;03/05/2023;Cotações
Fechamento;04/05/2023;Cotações
Fechamento;05/05/2023;Cotações
Fechamento;08/05/2023;Cotações
Fechamento;09/05/2023;Cotações
Fechamento;10/05/2023;Cotações
Fechamento;11/05/2023;Cotações
Fechamento;12/05/2023;Cotações
Fechamento;15/05/2023;Cotações
Fechamento;16/05/2023;Cotações
Fechamento;17/05/2023;Cotações
Fechamento;18/05/2023;Cotações
Fechamento;19/05/2023;Cotações
Fechamento;22/05/2023;Cotações
Fechamento;23/05/2023;Cotações
Fechamento;24/05/2023;Cotações
Fechamento;25/05/2023;Cotações
Fechamento;26/05/2023;Cotações
Fechamento;29/05/2023;Cotações
Fechamento;30/05/2023;Cotações
Fechamento;31/05/2023;Cotações
Fechamento;01/06/2023;Cotações
Fechamento;02/06/2023;Cotações
Fechamento;05/06/2023;Cotações
Fechamento;06/06/2023;Cotações
Fechamento;07/06/2023;Cotações
Fechamento;09/06/2023;Cotações
Fechamento;12/06/2023;Cotações
Fechamento;13/06/2023;Cotações
Fechamento;14/06/2023;Cotações
Fechamento;15/06/2023;Cotações
Fechamento;16/06/2023;Cotações
Fechamento;19/06/2023;Cotações
Fechamento;20/06/2023;Cotações
Fechamento;21/06/2023;Cotações
Fechamento;22/06/2023;Cotações
Fechamento;23/06/2023;Cotações
Fechamento;26/06/2023;Cotações
Fechamento;27/06/2023;Cotações
Fechamento;28/06/2023;Cotações
Fechamento;29/06/2023;Cotações
Fechamento;30/06/2023;Cotações
Fechamento;03/07/2023;Cotações
Fechamento;04/07/2023;Cotações
Fechamento;05/07/2023;Cotações
Fechamento;06/07/2023;Cotações
Fechamento;07/07/2023;Cotações
Fechamento;10/07/2023;Cotações
Fechamento;11/07/2023;Cotações
Fechamento;12/07/2023;Cotações
Fechamento;13/07/2023;Cotações
Fechamento;14/07/2023;Cotações
Fechamento;17/07/2023;Cotações
Fechamento;18/07/2023;Cotações
Fechamento;19/07/2023;Cotações
Fechamento;20/07/2023;Cotações
Fechamento;21/07/2023;Cotações
Fechamento;24/07/2023;Cotações
Fechamento;25/07/2023;Cotações
Fechamento;26/07/2023;Cotações
Fechamento;27/07/2023;Cotações
Fechamento;28/07/2023;Cotações
Fechamento;31/07/2023;Cotações
Fechamento;01/08/2023;Cotações
Fechamento;02/08/2023;Cotações
Fechamento;03/08/2023;Cotações
Fechamento;04/08/2023;Cotações
Fechamento;07/08/2023;Cotações
Fechamento;08/08/2023;Cotações
Fechamento;09/08/2023;Cotações
Fechamento;10/08/2023;Cotações
Fechamento;11/08/2023;Cotações
Fechamento;14/08/2023;Cotações
Fechamento;15/08/2023;Cotações
Fechamento;16/08/2023;Cotações
Fechamento;17/08/2023;Cotações
Fechamento;18/08/2023;Cotações
Fechamento;21/08/2023;Cotações
Fechamento;22/08/2023;Cotações
Fechamento;23/08/2023;Cotações
Fechamento;24/08/2023;Cotações
Fechamento;25/08/2023;Cotações
Fechamento;28/08/2023;Cotações
Fechamento;29/08/2023;Cotações
Fechamento;30/08/2023;Cotações
Fechamento;31/08/2023;Cotações
Fechamento;01/09/2023;Cotações
Fechamento;04/09/2023;Cotações
Fechamento;05/09/2023;Cotações
Fechamento;06/09/2023;Cotações
Fechamento;08/09/2023;Cotações
Fechamento;11/09/2023;Cotações
Fechamento;12/09/2023;Cotações
Fechamento;13/09/2023;Cotações
Fechamento;14/09/2023;Cotações
Fechamento;15/09/2023;Cotações
Fechamento;18/09/2023;Cotações
Fechamento;19/09/2023;Cotações
Fechamento;20/09/2023;Cotações
Fechamento;21/09/2023;Cotações
Fechamento;22/09/2023;Cotações
Fechamento;25/09/2023;Cotações
Fechamento;26/09/2023;Cotações
Fechamento;27/09/2023;Cotações
Fechamento;28/09/2023;Cotações
Fechamento;29/09/2023;Cotações
Fechamento;02/10/2023;Cotações
Fechamento;03/10/2023;Cotações
Fechamento;04/10/2023;Cotações
Fechamento;05/10/2023;Cotações
Fechamento;06/10/2023;Cotações
Fechamento;09/10/2023;Cotações
Fechamento;10/10/2023;Cotações
Fechamento;11/10/2023;Cotações
Fechamento;13/10/2023;Cotações
Fechamento;16/10/2023;Cotações
Fechamento;17/10/2023;Cotações
Fechamento;18/10/2023;Cotações
Fechamento;19/10/2023;Cotações
Fechamento;20/10/2023;Cotações
Fechamento;23/10/2023;Cotações
Fechamento;24/10/2023;Cotações
Fechamento;25/10/2023;Cotações
Fechamento;26/10/2023;Cotações
Fechamento;27/10/2023;Cotações
Fechamento;30/10/2023;Cotações
Fechamento;31/10/2023;Cotações
Fechamento;01/11/2023;Cotações
Fechamento;03/11/2023;Cotações
Fechamento;06/11/2023;Cotações
Fechamento;07/11/2023;Cotações
Fechamento;08/11/2023;Cotações
Fechamento;09/11/2023;Cotações
Fechamento;10/11/2023;Cotações
Fechamento;13/11/2023;Cotações
Fechamento;14/11/2023;Cotações
Fechamento;16/11/2023;Cotações
Fechamento;17/11/2023;Cotações
Fechamento;20/11/2023;Cotações
Fechamento;21/11/2023;Cotações
Fechamento;22/11/2023;Cotações
Fechamento;23/11/2023;Cotações
Fechamento;24/11/2023;Cotações
Fechamento;27/11/2023;Cotações
Fechamento;28/11/2023;Cotações
Fechamento;29/11/2023;Cotações
Fechamento;30/11/2023;Cotações
Fechamento;01/12/2023;Cotações
Fechamento;04/12/2023;Cotações
Fechamento;05/12/2023;Cotações
Fechamento;06/12/2023;Cotações
Fechamento;07/12/2023;Cotações
Fechamento;08/12/2023;Cotações
Fechamento;11/12/2023;Cotações
Fechamento;12/12/2023;Cotações
Fechamento;13/12/2023;Cotações
Fechamento;14/12/2023;Cotações
Fechamento;15/12/2023;Cotações
Fechamento;18/12/2023;Cotações
Fechamento;19/12/2023;Cotações
Fechamento;20/12/2023;Cotações
Fechamento;21/12/2023;Cotações
Fechamento;22/12/2023;Cotações
Fechamento;26/12/2023;Cotações
Fechamento;27/12/2023;Cotações
Fechamento;28/12/2023;Cotações
Fechamento;02/01/2024;Cotações
Fechamento;03/01/2024;Cotações
Fechamento;04/01/2024;Cotações
Fechamento;05/01/2024;Cotações
Fechamento;08/01/2024;Cotações
Fechamento;09/01/2024;Cotações
Fechamento;10/01/2024;Cotações
Fechamento;11/01/2024;Cotações
Fechamento;12/01/2024;Cotações
Fechamento;15/01/2024;Cotações
Fechamento;16/01/2024;Cotações
Fechamento;17/01/2024;Cotações
Fechamento;18/01/2024;Cotações
Fechamento;19/01/2024;Cotações
Fechamento;22/01/2024;Cotações
Fechamento;23/01/2024;Cotações
Fechamento;24/01/2024;Cotações
Fechamento;25/01/2024;Cotações
Fechamento;26/01/2024;Cotações
Fechamento;29/01/2024;Cotações
Fechamento;30/01/2024;Cotações
Fechamento;31/01/2024;Cotações
Fechamento;01/02/2024;Cotações
Fechamento;02/02/2024;Cotações
Fechamento;05/02/2024;Cotações
Fechamento;06/02/2024;Cotações
Fechamento;07/02/2024;Cotações
Fechamento;08/02/2024;Cotações
Fechamento;09/02/2024;Cotações
Fechamento;14/02/2024;Cotações
Fechamento;15/02/2024;Cotações
Fechamento;16/02/2024;Cotações
Fechamento;19/02/2024;Cotações
Fechamento;20/02/2024;Cotações
Fechamento;21/02/2024;Cotações
Fechamento;22/02/2024;Cotações
Fechamento;23/02/2024;Cotações
Fechamento;26/02/2024;Cotações
Fechamento;27/02/2024;Cotações
Fechamento;28/02/2024;Cotações
Fechamento;29/02/2024;Cotações
Fechamento;01/03/2024;Cotações
Fechamento;04/03/2024;Cotações
Fechamento;05/03/2024;Cotações
Fechamento;06/03/2024;Cotações
Fechamento;07/03/2024;Cotações
Fechamento;08/03/2024;Cotações
Fechamento;11/03/2024;Cotações
Fechamento;12/03/2024;Cotações
Fechamento;13/03/2024;Cotações
Fechamento;14/03/2024;Cotações
Fechamento;15/03/2024;Cotações
Fechamento;18/03/2024;Cotações
Fechamento;19/03/2024;Cotações
Fechamento;20/03/2024;Cotações
Fechamento;21/03/2024;Cotações
Fechamento;22/03/2024;Cotações
Fechamento;25/03/2024;Cotações
Fechamento;26/03/2024;Cotações
Fechamento;27/03/2024;Cotações
Fechamento;28/03/2024;Cotações
Fechamento;01/04/2024;Cotações
Fechamento;02/04/2024;Cotações
Fechamento;03/04/2024;Cotações
Fechamento;04/04/2024;Cotações
Fechamento;05/04/2024;Cotações
Fechamento;08/04/2024;Cotações
Fechamento;09/04/2024;Cotações
Fechamento;10/04/2024;Cotações
Fechamento;11/04/2024;Cotações
Fechamento;12/04/2024;Cotações
Fechamento;15/04/2024;Cotações
Fechamento;16/04/2024;Cotações
Fechamento;17/04/2024;Cotações
Fechamento;18/04/2024;Cotações
Fechamento;19/04/2024;Cotações
Fechamento;22/04/2024;Cotações
Fechamento;23/04/2024;Cotações
Fechamento;24/04/2024;Cotações
Fechamento;25/04/2024;Cotações
Fechamento;26/04/2024;Cotações
Fechamento;29/04/2024;Cotações
Fechamento;30/04/2024;Cotações
Fechamento;02/05/2024;Cotações
Fechamento;03/05/2024;Cotações
Fechamento;06/05/2024;Cotações
Fechamento;07/05/2024;Cotações
Fechamento;08/05/2024;Cotações
Fechamento;09/05/2024;Cotações
Fechamento;10/05/2024;Cotações
Fechamento;13/05/2024;Cotações
Fechamento;14/05/2024;Cotações
Fechamento;15/05/2024;Cotações
Fechamento;16/05/2024;Cotações
Fechamento;17/05/2024;Cotações
Fechamento;20/05/2024;Cotações
Fechamento;21/05/2024;Cotações
Fechamento;22/05/2024;Cotações
Fechamento;23/05/2024;Cotações
Fechamento;24/05/2024;Cotações
Fechamento;27/05/2024;Cotações
Fechamento;28/05/2024;Cotações
Fechamento;29/05/2024;Cotações
Fechamento;31/05/2024;Cotações
Fechamento;03/06/2024;Cotações
Fechamento;04/06/2024;Cotações
Fechamento;05/06/2024;Cotações
Fechamento;06/06/2024;Cotações
Fechamento;07/06/2024;Cotações
Fechamento;10/06/2024;Cotações
Fechamento;11/06/2024;Cotações
Fechamento;12/06/2024;Cotações
Fechamento;13/06/2024;Cotações
Fechamento;14/06/2024;Cotações
Fechamento;17/06/2024;Cotações
Fechamento;18/06/2024;Cotações
Fechamento;19/06/2024;Cotações
Fechamento;20/06/2024;Cotações
Fechamento;21/06/2024;Cotações
Fechamento;24/06/2024;Cotações
Fechamento;25/06/2024;Cotações
Fechamento;26/06/2024;Cotações
Fechamento;27/06/2024;Cotações
Fechamento;28/06/2024;Cotações
Fechamento;01/07/2024;Cotações
Fechamento;02/07/2024;Cotações
Fechamento;03/07/2024;Cotações
Fechamento;04/07/2024;Cotações
Fechamento;05/07/2024;Cotações
Fechamento;08/07/2024;Cotações
Fechamento;09/07/2024;Cotações
Fechamento;10/07/2024;Cotações
Fechamento;11/07/2024;Cotações
Fechamento;12/07/2024;Cotações
Fechamento;15/07/2024;Cotações
Fechamento;16/07/2024;Cotações
Fechamento;17/07/2024;Cotações
Fechamento;18/07/2024;Cotações
Fechamento;19/07/2024;Cotações
Fechamento;22/07/2024;Cotações
Fechamento;23/07/2024;Cotações
Fechamento;24/07/2024;Cotações
Fechamento;25/07/2024;Cotações
Fechamento;26/07/2024;Cotações
Fechamento;29/07/2024;Cotações
Fechamento;30/07/2024;Cotações
Fechamento;31/07/2024;Cotações
Fechamento;01/08/2024;Cotações
Fechamento;02/08/2024;Cotações
Fechamento;05/08/2024;Cotações
Fechamento;06/08/2024;Cotações
Fechamento;07/08/2024;Cotações
Fechamento;08/08/2024;Cotações
Fechamento;09/08/2024;Cotações
Fechamento;12/08/2024;Cotações
Fechamento;13/08/2024;Cotações
Fechamento;14/08/2024;Cotações
Fechamento;15/08/2024;Cotações
Fechamento;16/08/2024;Cotações
Fechamento;19/08/2024;Cotações
Fechamento;20/08/2024;Cotações
Fechamento;21/08/2024;Cotações
Fechamento;22/08/2024;Cotações
Fechamento;23/08/2024;Cotações
Fechamento;26/08/2024;Cotações
Fechamento;27/08/2024;Cotações
Fechamento;28/08/2024;Cotações
Fechamento;29/08/2024;Cotações
Fechamento;30/08/2024;Cotações
Fechamento;02/09/2024;Cotações
Fechamento;03/09/2024;Cotações
Fechamento;04/09/2024;Cotações
Fechamento;05/09/2024;Cotações
Fechamento;06/09/2024;Cotações
Fechamento;09/09/2024;Cotações
Fechamento;10/09/2024;Cotações
Fechamento;11/09/2024;Cotações
Fechamento;12/09/2024;Cotações
Fechamento;13/09/2024;Cotações
Fechamento;16/09/2024;Cotações
Fechamento;17/09/2024;Cotações
Fechamento;18/09/2024;Cotações
Fechamento;19/09/2024;Cotações
Fechamento;20/09/2024;Cotações
Fechamento;23/09/2024;Cotações
Fechamento;24/09/2024;Cotações
Fechamento;25/09/2024;Cotações
Fechamento;26/09/2024;Cotações
Fechamento;27/09/2024;Cotações
Fechamento;30/09/2024;Cotações
Fechamento;01/10/2024;Cotações
Fechamento;02/10/2024;Cotações
Fechamento;03/10/2024;Cotações
Fechamento;04/10/2024;Cotações
Fechamento;07/10/2024;Cotações
Fechamento;08/10/2024;Cotações
Fechamento;09/10/2024;Cotações
Fechamento;10/10/2024;Cotações
Fechamento;11/10/2024;Cotações
Fechamento;14/10/2024;Cotações
Fechamento;15/10/2024;Cotações
Fechamento;16/10/2024;Cotações
Fechamento;17/10/2024;Cotações
Fechamento;18/10/2024;Cotações
Fechamento;21/10/2024;Cotações
Fechamento;22/10/2024;Cotações
Fechamento;23/10/2024;Cotações
Fechamento;24/10/2024;Cotações
Fechamento;25/10/2024;Cotações
Fechamento;28/10/2024;Cotações
Fechamento;29/10/2024;Cotações
Fechamento;30/10/2024;Cotações
Fechamento;31/10/2024;Cotações
Fechamento;01/11/2024;Cotações
Fechamento;04/11/2024;Cotações
Fechamento;05/11/2024;Cotações
Fechamento;06/11/2024;Cotações
Fechamento;07/11/2024;Cotações
Fechamento;08/11/2024;Cotações
Fechamento;11/11/2024;Cotações
Fechamento;12/11/2024;Cotações
Fechamento;13/11/2024;Cotações
Fechamento;14/11/2024;Cotações
Fechamento;18/11/2024;Cotações
Fechamento;19/11/2024;Cotações
Fechamento;21/11/2024;Cotações
Fechamento;22/11/2024;Cotações
Fechamento;25/11/2024;Cotações
Fechamento;26/11/2024;Cotações
Fechamento;27/11/2024;Cotações
Fechamento;28/11/2024;Cotações
Fechamento;29/11/2024;Cotações
Fechamento;02/12/2024;Cotações
Fechamento;03/12/2024;Cotações
Fechamento;04/12/2024;Cotações
Fechamento;05/12/2024;Cotações
Fechamento;06/12/2024;Cotações
Fechamento;09/12/2024;Cotações
Fechamento;10/12/2024;Cotações
Fechamento;11/12/2024;Cotações
Fechamento;12/12/2024;Cotações
Fechamento;13/12/2024;Cotações
Fechamento;16/12/2024;Cotações
Fechamento;17/12/2024;Cotações
Fechamento;18/12/2024;Cotações
Fechamento;19/12/2024;Cotações
Fechamento;20/12/2024;Cotações
Fechamento;23/12/2024;Cotações
Fechamento;26/12/2024;Cotações
Fechamento;27/12/2024;Cotações
Fechamento;30/12/2024;Cotações
Fechamento;02/01/2025;Cotações
Fechamento;03/01/2025;Cotações
Fechamento;06/01/2025;Cotações
Fechamento;07/01/2025;Cotações
Fechamento;08/01/2025;Cotações
Fechamento;09/01/2025;Cotações
Fechamento;10/01/2025;Cotações
Fechamento;13/01/2025;Cotações
Fechamento;14/01/2025;Cotações
Fechamento;15/01/2025;Cotações
Fechamento;16/01/2025;Cotações
Fechamento;17/01/2025;Cotações
Fechamento;20/01/2025;Cotações
Fechamento;21/01/2025;Cotações
Fechamento;22/01/2025;Cotações
Fechamento;23/01/2025;Cotações
Fechamento;24/01/2025;Cotações
Fechamento;27/01/2025;Cotações
Fechamento;28/01/2025;Cotações
Fechamento;29/01/2025;Cotações
Fechamento;30/01/2025;Cotações
Fechamento;31/01/2025;Cotações
Fechamento;03/02/2025;Cotações
Fechamento;04/02/2025;Cotações
Fechamento;05/02/2025;Cotações
Fechamento;06/02/2025;Cotações
Fechamento;07/02/2025;Cotações
Fechamento;10/02/2025;Cotações
Fechamento;11/02/2025;Cotações
Fechamento;12/02/2025;Cotações
Fechamento;13/02/2025;Cotações
Fechamento;14/02/2025;Cotações
Fechamento;17/02/2025;Cotações
Fechamento;18/02/2025;Cotações
Fechamento;19/02/2025;Cotações
Fechamento;20/02/2025;Cotações
Fechamento;21/02/2025;Cotações
Fechamento;24/02/2025;Cotações
Fechamento;25/02/2025;Cotações
Fechamento;26/02/2025;Cotações
Fechamento;27/02/2025;Cotações
Fechamento;28/02/2025;Cotações
Fechamento;05/03/2025;Cotações
Fechamento;06/03/2025;Cotações
Fechamento;07/03/2025;Cotações
Fechamento;10/03/2025;Cotações
Fechamento;11/03/2025;Cotações
Fechamento;12/03/2025;Cotações
Fechamento;13/03/2025;Cotações
Fechamento;14/03/2025;Cotações
Fechamento;17/03/2025;Cotações
Fechamento;18/03/2025;Cotações
Fechamento;19/03/2025;Cotações
Fechamento;20/03/2025;Cotações
Fechamento;21/03/2025;Cotações
Fechamento;24/03/2025;Cotações
Fechamento;25/03/2025;Cotações
Fechamento;26/03/2025;Cotações
Fechamento;27/03/2025;Cotações
Fechamento;28/03/2025;Cotações
Fechamento;31/03/2025;Cotações
Fechamento;01/04/2025;Cotações
Fechamento;02/04/2025;Cotações
Fechamento;03/04/2025;Cotações
Fechamento;04/04/2025;Cotações
Fechamento;07/04/2025;Cotações
Fechamento;08/04/2025;Cotações
Fechamento;09/04/2025;Cotações
Fechamento;10/04/2025;Cotações
Fechamento;11/04/2025;Cotações
Fechamento;14/04/2025;Cotações
Fechamento;15/04/2025;Cotações
Fechamento;16/04/2025;Cotações
Fechamento;17/04/2025;Cotações
Fechamento;22/04/2025;Cotações
Fechamento;23/04/2025;Cotações
Fechamento;24/04/2025;Cotações
Fechamento;25/04/2025;Cotações
Fechamento;28/04/2025;Cotações
Fechamento;29/04/2025;Cotações
Fechamento;30/04/2025;Cotações
Fechamento;02/05/2025;Cotações
Fechamento;05/05/2025;Cotações
Fechamento;06/05/2025;Cotações
Fechamento;07/05/2025;Cotações
Fechamento;08/05/2025;Cotações
Fechamento;09/05/2025;Cotações
Fechamento;12/05/2025;Cotações
Fechamento;13/05/2025;Cotações
Fechamento;14/05/2025;Cotações
Fechamento;15/05/2025;Cotações
Fechamento;16/05/2025;Cotações
Fechamento;19/05/2025;Cotações
Fechamento;20/05/2025;Cotações
Fechamento;21/05/2025;Cotações
Fechamento;22/05/2025;Cotações
Fechamento;23/05/2025;Cotações
Fechamento;26/05/2025;Cotações
Fechamento;27/05/2025;Cotações
Fechamento;28/05/2025;Cotações
Fechamento;29/05/2025;Cotações
Fechamento;30/05/2025;Cotações
Fechamento;02/06/2025;Cotações
Fechamento;03/06/2025;Cotações
Fechamento;04/06/2025;Cotações
Fechamento;05/06/2025;Cotações
Fechamento;06/06/2025;Cotações
Fechamento;09/06/2025;Cotações
Fechamento;10/06/2025;Cotações
Fechamento;11/06/2025;Cotações
Fechamento;12/06/2025;Cotações
Fechamento;13/06/2025;Cotações
Fechamento;16/06/2025;Cotações
Fechamento;17/06/2025;Cotações
Fechamento;18/06/2025;Cotações
Fechamento;20/06/2025;Cotações
Fechamento;23/06/2025;Cotações
Fechamento;24/06/2025;Cotações
Fechamento;25/06/2025;Cotações
Fechamento;26/06/2025;Cotações
Fechamento;27/06/2025;Cotações
Fechamento;30/06/2025;Cotações
Fechamento;01/07/2025;Cotações
Fechamento;02/07/2025;Cotações
Fechamento;03/07/2025;Cotações
Fechamento;04/07/2025;Cotações
Fechamento;07/07/2025;Cotações
Fechamento;08/07/2025;Cotações
Fechamento;09/07/2025;Cotações
Fechamento;10/07/2025;Cotações
Fechamento;11/07/2025;Cotações
Fechamento;14/07/2025;Cotações
Fechamento;15/07/2025;Cotações
Fechamento;16/07/2025;Cotações
Fechamento;17/07/2025;Cotações
Fechamento;18/07/2025;Cotações
Fechamento;21/07/2025;Cotações
Fechamento;22/07/2025;Cotações
Fechamento;23/07/2025;Cotações
Fechamento;24/07/2025;Cotações
Fechamento;25/07/2025;Cotações
Fechamento;28/07/2025;Cotações
Fechamento;29/07/2025;Cotações
Fechamento;30/07/2025;Cotações
Fechamento;31/07/2025;Cotações
Fechamento;01/08/2025;Cotações
Fechamento;04/08/2025;Cotações
Fechamento;05/08/2025;Cotações
Fechamento;06/08/2025;Cotações
Fechamento;07/08/2025;Cotações
Fechamento;08/08/2025;Cotações
Fechamento;11/08/2025;Cotações
Fechamento;12/08/2025;Cotações
Fechamento;13/08/2025;Cotações
Fechamento;14/08/2025;Cotações
Fechamento;15/08/2025;Cotações
Fechamento;18/08/2025;Cotações
Fechamento;19/08/2025;Cotações
Fechamento;20/08/2025;Cotações
Fechamento;21/08/2025;Cotações
Fechamento;22/08/2025;Cotações
Fechamento;25/08/2025;Cotações
Fechamento;26/08/2025;Cotações
Fechamento;27/08/2025;Cotações
Fechamento;28/08/2025;Cotações
Fechamento;29/08/2025;Cotações
Fechamento;01/09/2025;Cotações
Fechamento;02/09/2025;Cotações
Fechamento;03/09/2025;Cotações
Fechamento;04/09/2025;Cotações
Fechamento;05/09/2025;Cotações
Fechamento;08/09/2025;Cotações
Fechamento;09/09/2025;Cotações
Fechamento;10/09/2025;Cotações
Fechamento;11/09/2025;Cotações
Fechamento;12/09/2025;Cotações
Fechamento;15/09/2025;Cotações
Fechamento;16/09/2025;Cotações
Fechamento;17/09/2025;Cotações
Fechamento;18/09/2025;Cotações
Fechamento;19/09/2025;Cotações
Fechamento;22/09/2025;Cotações
Fechamento;23/09/2025;Cotações
Fechamento;24/09/2025;Cotações
Fechamento;25/09/2025;Cotações
Fechamento;26/09/2025;Cotações
Fechamento;29/09/2025;Cotações
Fechamento;30/09/2025;Cotações
Fechamento;01/10/2025;Cotações
Fechamento;02/10/2025;Cotações
Fechamento;03/10/2025;Cotações
Fechamento;06/10/2025;Cotações
Fechamento;07/10/2025;Cotações
Fechamento;08/10/2025;Cotações
Fechamento;09/10/2025;Cotações
Fechamento;10/10/2025;Cotações
Fechamento;13/10/2025;Cotações
Fechamento;14/10/2025;Cotações
Fechamento;15/10/2025;Cotações
Fechamento;16/10/2025;Cotações
Fechamento;17/10/2025;Cotações
Fechamento;20/10/2025;Cotações
Fechamento;21/10/2025;Cotações
Fechamento;22/10/2025;Cotações
Fechamento;23/10/2025;Cotações
Fechamento;24/10/2025;Cotações
Fechamento;27/10/2025;Cotações
Fechamento;28/10/2025;Cotações
Fechamento;29/10/2025;Cotações
Fechamento;30/10/2025;Cotações
Fechamento;31/10/2025;Cotações
Fechamento;03/11/2025;Cotações
Fechamento;04/11/2025;Cotações
Fechamento;05/11/2025;Cotações
Fechamento;06/11/2025;Cotações
Fechamento;07/11/2025;Cotações
Fechamento;10/11/2025;Cotações
Fechamento;11/11/2025;Cotações
Fechamento;12/11/2025;Cotações
Fechamento;13/11/2025;Cotações
Fechamento;14/11/2025;Cotações
Fechamento;17/11/2025;Cotações
Fechamento;18/11/2025;Cotações
Fechamento;19/11/2025;Cotações
Fechamento;21/11/2025;Cotações
Fechamento;24/11/2025;Cotações
Fechamento;25/11/2025;Cotações
Fechamento;26/11/2025;Cotações
Fechamento;27/11/2025;Cotações
Fechamento;28/11/2025;Cotações
Fechamento;01/12/2025;Cotações
Fechamento;02/12/2025;Cotações
Fechamento;03/12/2025;Cotações
Fechamento;04/12/2025;Cotações
Fechamento;05/12/2025;Cotações
Fechamento;08/12/2025;Cotações
Fechamento;09/12/2025;Cotações
Fechamento;10/12/2025;Cotações
Fechamento;11/12/2025;Cotações
Fechamento;12/12/2025;Cotações
Fechamento;15/12/2025;Cotações
Fechamento;16/12/2025;Cotações
Fechamento;17/12/2025;Cotações
Fechamento;18/12/2025;Cotações
Fechamento;19/12/2025;Cotações
Fechamento;22/12/2025;Cotações
Fechamento;23/12/2025;Cotações
Fechamento;26/12/2025;Cotações
Fechamento;29/12/2025;Cotações
Fechamento;30/12/2025;Cotações
Fechamento;02/01/2026;Cotações
Fechamento;05/01/2026;Cotações
Fechamento;06/01/2026;Cotações
Fechamento;07/01/2026;Cotações
Fechamento;08/01/2026;Cotações
Fechamento;09/01/2026;Cotações
Fechamento;12/01/2026;Cotações
Fechamento;13/01/2026;Cotações
Fechamento;14/01/2026;Cotações
Fechamento;15/01/2026;Cotações
Fechamento;16/01/2026;Cotações
Fechamento;19/01/2026;Cotações
Fechamento;20/01/2026;Cotações
Fechamento;21/01/2026;Cotações
Fechamento;22/01/2026;Cotações
Fechamento;23/01/2026;Cotações
Fechamento;26/01/2026;Cotações
Fechamento;27/01/2026;Cotações
Fechamento;28/01/2026;Cotações
Fechamento;29/01/2026;Cotações
Fechamento;30/01/2026;Cotações
Fechamento;02/02/2026;Cotações
Fechamento;03/02/2026;Cotações
Fechamento;04/02/2026;Cotações
Fechamento;05/02/2026;Cotações
Fechamento;06/02/2026;Cotações
Fechamento;09/02/2026;Cotações
Fechamento;10/02/2026;Cotações
Fechamento;11/02/2026;Cotações
Fechamento;12/02/2026;Cotações
Fechamento;13/02/2026;Cotações
Fechamento;18/02/2026;Cotações
Fechamento;19/02/2026;Cotações
Fechamento;20/02/2026;Cotações
Fechamento;23/02/2026;Cotações
Fechamento;24/02/2026;Cotações
Fechamento;25/02/2026;Cotações
Fechamento;26/02/2026;Cotações
Fechamento;27/02/2026;Cotações
Fechamento;02/03/2026;Cotações
Fechamento;03/03/2026;Cotações
Fechamento;04/03/2026;Cotações
Fechamento;05/03/2026;Cotações
Fechamento;06/03/2026;Cotações
Fechamento;09/03/2026;Cotações
Fechamento;10/03/2026;Cotações
Fechamento;11/03/2026;Cotações
Fechamento;12/03/2026;Cotações
Fechamento;13/03/2026;Cotações
Fechamento;16/03/2026;Cotações
Fechamento;17/03/2026;Cotações
Fechamento;18/03/2026;Cotações
Fechamento;19/03/2026;Cotações
Fechamento;20/03/2026;Cotações
Fechamento;23/03/2026;Cotações
Fechamento;24/03/2026;Cotações
Fechamento;25/03/2026;Cotações
Fechamento;26/03/2026;Cotações
Fechamento;27/03/2026;Cotações
Fechamento;30/03/2026;Cotações
Fechamento;31/03/2026;Cotações
Fechamento;01/04/2026;Cotações
Fechamento;02/04/2026;Cotações
Fechamento;06/04/2026;Cotações
Fechamento;07/04/2026;Cotações
Fechamento;08/04/2026;Cotações
Fechamento;09/04/2026;Cotações
Fechamento;10/04/2026;Cotações
Fechamento;13/04/2026;Cotações
Fechamento;14/04/2026;Cotações
Fechamento;15/04/2026;Cotações
Fechamento;16/04/2026;Cotações
Fechamento;17/04/2026;Cotações
Fechamento;20/04/2026;Cotações
Fechamento;22/04/2026;Cotações
Fechamento;23/04/2026;Cotações
Fechamento;24/04/2026;Cotações
Fechamento;27/04/2026;Cotações
Fechamento;28/04/2026;Cotações
Fechamento;29/04/2026;Cotações
Fechamento;30/04/2026;Cotações
Fechamento;04/05/2026;Cotações
Fechamento;05/05/2026;Cotações
Fechamento;06/05/2026;Cotações
Fechamento;07/05/2026;Cotações
Fechamento;08/05/2026;Cotações
Fechamento;11/05/2026;Cotações
Fechamento;12/05/2026;Cotações
Fechamento;13/05/2026;Cotações
Fechamento;14/05/2026;Cotações
Fechamento;15/05/2026;Cotações
Fechamento;18/05/2026;Cotações
Fechamento;19/05/2026;Cotações
Fechamento;20/05/2026;Cotações
Fechamento;21/05/2026;Cotações
Fechamento;22/05/2026;Cotações
Fechamento;25/05/2026;Cotações
Fechamento;26/05/2026;Cotações
Fechamento;27/05/2026;Cotações
Fechamento;28/05/2026;Cotações
Fechamento;29/05/2026;Cotações
Fechamento;01/06/2026;Cotações
Fechamento;02/06/2026;Cotações
Fechamento;03/06/2026;Cotações
Fechamento;05/06/2026;Cotações
Fechamento;08/06/2026;Cotações
Fechamento;09/06/2026;Cotações
Fechamento;10/06/2026;Cotações
Fechamento;11/06/2026;Cotações
Fechamento;12/06/2026;Cotações
Fechamento;15/06/2026;Cotações
Fechamento;16/06/2026;Cotações
Fechamento;17/06/2026;Cotações
Fechamento;18/06/2026;Cotações
Fechamento;19/06/2026;Cotações
Fechamento;22/06/2026;Cotações
Fechamento;23/06/2026;Cotações
Fechamento;24/06/2026;Cotações
Fechamento;25/06/2026;Cotações
Fechamento;26/06/2026;Cotações
Fechamento;29/06/2026;Cotações
Fechamento;30/06/2026;Cotações
Fechamento;01/07/2026;Cotações
Fechamento;02/07/2026;Cotações
Fechamento;03/07/2026;Cotações
Fechamento;06/07/2026;Cotações
Fechamento;07/07/2026;Cotações
Fechamento;08/07/2026;Cotações
Fechamento;09/07/2026;Cotações
Fechamento;10/07/2026;Cotações
Fechamento;13/07/2026;Cotações
Fechamento;14/07/2026;Cotações
Fechamento;15/07/2026;Cotações
Fechamento;16/07/2026;Cotações
Fechamento;17/07/2026;Cotações
Fechamento;20/07/2026;Cotações
Fechamento;21/07/2026;Cotações
Fechamento;22/07/2026;Cotações
Fechamento;23/07/2026;Cotações
Fechamento;24/07/2026;Cotações
Fechamento;27/07/2026;Cotações
Fechamento;28/07/2026;Cotações
Fechamento;29/07/2026;Cotações
Fechamento;30/07/2026;Cotações
Fechamento;31/07/2026;Cotações
Fechamento;03/08/2026;Cotações
Fechamento;04/08/2026;Cotações
Fechamento;05/08/2026;Cotações
Fechamento;06/08/2026;Cotações
Fechamento;07/08/2026;Cotações
Fechamento;10/08/2026;Cotações
Fechamento;11/08/2026;Cotações
Fechamento;12/08/2026;Cotações
Fechamento;13/08/2026;Cotações
Fechamento;14/08/2026;Cotações
Fechamento;17/08/2026;Cotações
Fechamento;18/08/2026;Cotações
Fechamento;19/08/2026;Cotações
Fechamento;20/08/2026;Cotações
Fechamento;21/08/2026;Cotações
Fechamento;24/08/2026;Cotações
Fechamento;25/08/2026;Cotações
Fechamento;26/08/2026;Cotações
Fechamento;27/08/2026;Cotações
Fechamento;28/08/2026;Cotações
Fechamento;31/08/2026;Cotações
Fechamento;01/09/2026;Cotações
Fechamento;02/09/2026;Cotações
Fechamento;03/09/2026;Cotações
Fechamento;04/09/2026;Cotações
Fechamento;08/09/2026;Cotações
Fechamento;09/09/2026;Cotações
Fechamento;10/09/2026;Cotações
Fechamento;11/09/2026;Cotações
Fechamento;14/09/2026;Cotações
Fechamento;15/09/2026;Cotações
Fechamento;16/09/2026;Cotações
Fechamento;17/09/2026;Cotações
Fechamento;18/09/2026;Cotações
Fechamento;21/09/2026;Cotações
Fechamento;22/09/2026;Cotações
Fechamento;23/09/2026;Cotações
Fechamento;24/09/2026;Cotações
Fechamento;25/09/2026;Cotações
Medio;02/01/2018;Cotações
Medio;03/01/2018;Cotações
Medio;04/01/2018;Cotações
Medio;05/01/2018;Cotações
Medio;08/01/2018;Cotações
Medio;09/01/2018;Cotações
Medio;10/01/2018;Cotações
Medio;11/01/2018;Cotações
Medio;12/01/2018;Cotações
Medio;15/01/2018;Cotações
Medio;16/01/2018;Cotações
Medio;17/01/2018;Cotações
Medio;18/01/2018;Cotações
Medio;19/01/2018;Cotações
Medio;22/01/2018;Cotações
Medio;23/01/2018;Cotações
Medio;24/01/2018;Cotações
Medio;26/01/2018;Cotações
Medio;29/01/2018;Cotações
Medio;30/01/2018;Cotações
Medio;31/01/2018;Cotações
Medio;01/02/2018;Cotações
Medio;02/02/2018;Cotações
Medio;05/02/2018;Cotações
Medio;06/02/2018;Cotações
Medio;07/02/2018;Cotações
Medio;08/02/2018;Cotações
Medio;09/02/2018;Cotações
Medio;14/02/2018;Cotações
Medio;15/02/2018;Cotações
Medio;16/02/2018;Cotações
Medio;19/02/2018;Cotações
Medio;20/02/2018;Cotações
Medio;21/02/2018;Cotações
Medio;22/02/2018;Cotações
Medio;23/02/2018;Cotações
Medio;26/02/2018;Cotações
Medio;27/02/2018;Cotações
Medio;28/02/2018;Cotações
Medio;01/03/2018;Cotações
Medio;02/03/2018;Cotações
Medio;05/03/2018;Cotações
Medio;06/03/2018;Cotações
Medio;07/03/2018;Cotações
Medio;08/03/2018;Cotações
Medio;09/03/2018;Cotações
Medio;12/03/2018;Cotações
Medio;13/03/2018;Cotações
Medio;14/03/2018;Cotações
Medio;15/03/2018;Cotações
Medio;16/03/2018;Cotações
Medio;19/03/2018;Cotações
Medio;20/03/2018;Cotações
Medio;21/03/2018;Cotações
Medio;22/03/2018;Cotações
Medio;23/03/2018;Cotações
Medio;26/03/2018;Cotações
Medio;27/03/2018;Cotações
Medio;28/03/2018;Cotações
Medio;29/03/2018;Cotações
Medio;02/04/2018;Cotações
Medio;03/04/2018;Cotações
Medio;04/04/2018;Cotações
Medio;05/04/2018;Cotações
Medio;06/04/2018;Cotações
Medio;09/04/2018;Cotações
Medio;10/04/2018;Cotações
Medio;11/04/2018;Cotações
Medio;12/04/2018;Cotações
Medio;13/04/2018;Cotações
Medio;16/04/2018;Cotações
Medio;17/04/2018;Cotações
Medio;18/04/2018;Cotações
Medio;19/04/2018;Cotações
Medio;20/04/2018;Cotações
Medio;23/04/2018;Cotações
Medio;24/04/2018;Cotações
Medio;25/04/2018;Cotações
Medio;26/04/2018;Cotações
Medio;27/04/2018;Cotações
Medio;30/04/2018;Cotações
Medio;02/05/2018;Cotações
Medio;03/05/2018;Cotações
Medio;04/05/2018;Cotações
Medio;07/05/2018;Cotações
Medio;08/05/2018;Cotações
Medio;09/05/2018;Cotações
Medio;10/05/2018;Cotações
Medio;11/05/2018;Cotações
Medio;14/05/2018;Cotações
Medio;15/05/2018;Cotações
Medio;16/05/2018;Cotações
Medio;17/05/2018;Cotações
Medio;18/05/2018;Cotações
Medio;21/05/2018;Cotações
Medio;22/05/2018;Cotações
Medio;23/05/2018;Cotações
Medio;24/05/2018;Cotações
Medio;25/05/2018;Cotações
Medio;28/05/2018;Cotações
Medio;29/05/2018;Cotações
Medio;30/05/2018;Cotações
Medio;01/06/2018;Cotações
Medio;04/06/2018;Cotações
Medio;05/06/2018;Cotações
Medio;06/06/2018;Cotações
Medio;07/06/2018;Cotações
Medio;08/06/2018;Cotações
Medio;11/06/2018;Cotações
Medio;12/06/2018;Cotações
Medio;13/06/2018;Cotações
Medio;14/06/2018;Cotações
Medio;15/06/2018;Cotações
Medio;18/06/2018;Cotações
Medio;19/06/2018;Cotações
Medio;20/06/2018;Cotações
Medio;21/06/2018;Cotações
Medio;22/06/2018;Cotações
Medio;25/06/2018;Cotações
Medio;26/06/2018;Cotações
Medio;27/06/2018;Cotações
Medio;28/06/2018;Cotações
Medio;29/06/2018;Cotações
Medio;02/07/2018;Cotações
Medio;03/07/2018;Cotações
Medio;04/07/2018;Cotações
Medio;05/07/2018;Cotações
Medio;06/07/2018;Cotações
Medio;10/07/2018;Cotações
Medio;11/07/2018;Cotações
Medio;12/07/2018;Cotações
Medio;13/07/2018;Cotações
Medio;16/07/2018;Cotações
Medio;17/07/2018;Cotações
Medio;18/07/2018;Cotações
Medio;19/07/2018;Cotações
Medio;20/07/2018;Cotações
Medio;23/07/2018;Cotações
Medio;24/07/2018;Cotações
Medio;25/07/2018;Cotações
Medio;26/07/2018;Cotações
Medio;27/07/2018;Cotações
Medio;30/07/2018;Cotações
Medio;31/07/2018;Cotações
Medio;01/08/2018;Cotações
Medio;02/08/2018;Cotações
Medio;03/08/2018;Cotações
Medio;06/08/2018;Cotações
Medio;07/08/2018;Cotações
Medio;08/08/2018;Cotações
Medio;09/08/2018;Cotações
Medio;10/08/2018;Cotações
Medio;13/08/2018;Cotações
Medio;14/08/2018;Cotações
Medio;15/08/2018;Cotações
Medio;16/08/2018;Cotações
Medio;17/08/2018;Cotações
Medio;20/08/2018;Cotações
Medio;21/08/2018;Cotações
Medio;22/08/2018;Cotações
Medio;23/08/2018;Cotações
Medio;24/08/2018;Cotações
Medio;27/08/2018;Cotações
Medio;28/08/2018;Cotações
Medio;29/08/2018;Cotações
Medio;30/08/2018;Cotações
Medio;31/08/2018;Cotações
Medio;03/09/2018;Cotações
Medio;04/09/2018;Cotações
Medio;05/09/2018;Cotações
Medio;06/09/2018;Cotações
Medio;10/09/2018;Cotações
Medio;11/09/2018;Cotações
Medio;12/09/2018;Cotações
Medio;13/09/2018;Cotações
Medio;14/09/2018;Cotações
Medio;17/09/2018;Cotações
Medio;18/09/2018;Cotações
Medio;19/09/2018;Cotações
Medio;20/09/2018;Cotações
Medio;21/09/2018;Cotações
Medio;24/09/2018;Cotações
Medio;25/09/2018;Cotações
Medio;26/09/2018;Cotações
Medio;27/09/2018;Cotações
Medio;28/09/2018;Cotações
Medio;01/10/2018;Cotações
Medio;02/10/2018;Cotações
Medio;03/10/2018;Cotações
Medio;04/10/2018;Cotações
Medio;05/10/2018;Cotações
Medio;08/10/2018;Cotações
Medio;09/10/2018;Cotações
Medio;10/10/2018;Cotações
Medio;11/10/2018;Cotações
Medio;15/10/2018;Cotações
Medio;16/10/2018;Cotações
Medio;17/10/2018;Cotações
Medio;18/10/2018;Cotações
Medio;19/10/2018;Cotações
Medio;22/10/2018;Cotações
Medio;23/10/2018;Cotações
Medio;24/10/2018;Cotações
Medio;25/10/2018;Cotações
Medio;26/10/2018;Cotações
Medio;29/10/2018;Cotações
Medio;30/10/2018;Cotações
Medio;31/10/2018;Cotações
Medio;01/11/2018;Cotações
Medio;05/11/2018;Cotações
Medio;06/11/2018;Cotações
Medio;07/11/2018;Cotações
Medio;08/11/2018;Cotações
Medio;09/11/2018;Cotações
Medio;12/11/2018;Cotações
Medio;13/11/2018;Cotações
Medio;14/11/2018;Cotações
Medio;16/11/2018;Cotações
Medio;19/11/2018;Cotações
Medio;21/11/2018;Cotações
Medio;22/11/2018;Cotações
Medio;23/11/2018;Cotações
Medio;26/11/2018;Cotações
Medio;27/11/2018;Cotações
Medio;28/11/2018;Cotações
Medio;29/11/2018;Cotações
Medio;30/11/2018;Cotações
Medio;03/12/2018;Cotações
Medio;04/12/2018;Cotações
Medio;05/12/2018;Cotações
Medio;06/12/2018;Cotações
Medio;07/12/2018;Cotações
Medio;10/12/2018;Cotações
Medio;11/12/2018;Cotações
Medio;12/12/2018;Cotações
Medio;13/12/2018;Cotações
Medio;14/12/2018;Cotações
Medio;17/12/2018;Cotações
Medio;18/12/2018;Cotações
Medio;19/12/2018;Cotações
Medio;20/12/2018;Cotações
Medio;21/12/2018;Cotações
Medio;26/12/2018;Cotações
Medio;27/12/2018;Cotações
Medio;28/12/2018;Cotações
Medio;02/01/2019;Cotações
Medio;03/01/2019;Cotações
Medio;04/01/2019;Cotações
Medio;07/01/2019;Cotações
Medio;08/01/2019;Cotações
Medio;09/01/2019;Cotações
Medio;10/01/2019;Cotações
Medio;11/01/2019;Cotações
Medio;14/01/2019;Cotações
Medio;15/01/2019;Cotações
Medio;16/01/2019;Cotações
Medio;17/01/2019;Cotações
Medio;18/01/2019;Cotações
Medio;21/01/2019;Cotações
Medio;22/01/2019;Cotações
Medio;23/01/2019;Cotações
Medio;24/01/2019;Cotações
Medio;28/01/2019;Cotações
Medio;29/01/2019;Cotações
Medio;30/01/2019;Cotações
Medio;31/01/2019;Cotações
Medio;01/02/2019;Cotações
Medio;04/02/2019;Cotações
Medio;05/02/2019;Cotações
Medio;06/02/2019;Cotações
Medio;07/02/2019;Cotações
Medio;08/02/2019;Cotações
Medio;11/02/2019;Cotações
Medio;12/02/2019;Cotações
Medio;13/02/2019;Cotações
Medio;14/02/2019;Cotações
Medio;15/02/2019;Cotações
Medio;18/02/2019;Cotações
Medio;19/02/2019;Cotações
Medio;20/02/2019;Cotações
Medio;21/02/2019;Cotações
Medio;22/02/2019;Cotações
Medio;25/02/2019;Cotações
Medio;26/02/2019;Cotações
Medio;27/02/2019;Cotações
Medio;28/02/2019;Cotações
Medio;01/03/2019;Cotações
Medio;06/03/2019;Cotações
Medio;07/03/2019;Cotações
Medio;08/03/2019;Cotações
Medio;11/03/2019;Cotações
Medio;12/03/2019;Cotações
Medio;13/03/2019;Cotações
Medio;14/03/2019;Cotações
Medio;15/03/2019;Cotações
Medio;18/03/2019;Cotações
Medio;19/03/2019;Cotações
Medio;20/03/2019;Cotações
Medio;21/03/2019;Cotações
Medio;22/03/2019;Cotações
Medio;25/03/2019;Cotações
Medio;26/03/2019;Cotações
Medio;27/03/2019;Cotações
Medio;28/03/2019;Cotações
Medio;29/03/2019;Cotações
Medio;01/04/2019;Cotações
Medio;02/04/2019;Cotações
Medio;03/04/2019;Cotações
Medio;04/04/2019;Cotações
Medio;05/04/2019;Cotações
Medio;08/04/2019;Cotações
Medio;09/04/2019;Cotações
Medio;10/04/2019;Cotações
Medio;11/04/2019;Cotações
Medio;12/04/2019;Cotações
Medio;15/04/2019;Cotações
Medio;16/04/2019;Cotações
Medio;17/04/2019;Cotações
Medio;18/04/2019;Cotações
Medio;22/04/2019;Cotações
Medio;23/04/2019;Cotações
Medio;24/04/2019;Cotações
Medio;25/04/2019;Cotações
Medio;26/04/2019;Cotações
Medio;29/04/2019;Cotações
Medio;30/04/2019;Cotações
Medio;02/05/2019;Cotações
Medio;03/05/2019;Cotações
Medio;06/05/2019;Cotações
Medio;07/05/2019;Cotações
Medio;08/05/2019;Cotações
Medio;09/05/2019;Cotações
Medio;10/05/2019;Cotações
Medio;13/05/2019;Cotações
Medio;14/05/2019;Cotações
Medio;15/05/2019;Cotações
Medio;16/05/2019;Cotações
Medio;17/05/2019;Cotações
Medio;20/05/2019;Cotações
Medio;21/05/2019;Cotações
Medio;22/05/2019;Cotações
Medio;23/05/2019;Cotações
Medio;24/05/2019;Cotações
Medio;27/05/2019;Cotações
Medio;28/05/2019;Cotações
Medio;29/05/2019;Cotações
Medio;30/05/2019;Cotações
Medio;31/05/2019;Cotações
Medio;03/06/2019;Cotações
Medio;04/06/2019;Cotações
Medio;05/06/2019;Cotações
Medio;06/06/2019;Cotações
Medio;07/06/2019;Cotações
Medio;10/06/2019;Cotações
Medio;11/06/2019;Cotações
Medio;12/06/2019;Cotações
Medio;13/06/2019;Cotações
Medio;14/06/2019;Cotações
Medio;17/06/2019;Cotações
Medio;18/06/2019;Cotações
Medio;19/06/2019;Cotações
Medio;21/06/2019;Cotações
Medio;24/06/2019;Cotações
Medio;25/06/2019;Cotações
Medio;26/06/2019;Cotações
Medio;27/06/2019;Cotações
Medio;28/06/2019;Cotações
Medio;01/07/2019;Cotações
Medio;02/07/2019;Cotações
Medio;03/07/2019;Cotações
Medio;04/07/2019;Cotações
Medio;05/07/2019;Cotações
Medio;08/07/2019;Cotações
Medio;10/07/2019;Cotações
Medio;11/07/2019;Cotações
Medio;12/07/2019;Cotações
Medio;15/07/2019;Cotações
Medio;16/07/2019;Cotações
Medio;17/07/2019;Cotações
Medio;18/07/2019;Cotações
Medio;19/07/2019;Cotações
Medio;22/07/2019;Cotações
Medio;23/07/2019;Cotações
Medio;24/07/2019;Cotações
Medio;25/07/2019;Cotações
Medio;26/07/2019;Cotações
Medio;29/07/2019;Cotações
Medio;30/07/2019;Cotações
Medio;31/07/2019;Cotações
Medio;01/08/2019;Cotações
Medio;02/08/2019;Cotações
Medio;05/08/2019;Cotações
Medio;06/08/2019;Cotações
Medio;07/08/2019;Cotações
Medio;08/08/2019;Cotações
Medio;09/08/2019;Cotações
Medio;12/08/2019;Cotações
Medio;13/08/2019;Cotações
Medio;14/08/2019;Cotações
Medio;15/08/2019;Cotações
Medio;16/08/2019;Cotações
Medio;19/08/2019;Cotações
Medio;20/08/2019;Cotações
Medio;21/08/2019;Cotações
Medio;22/08/2019;Cotações
Medio;23/08/2019;Cotações
Medio;26/08/2019;Cotações
Medio;27/08/2019;Cotações
Medio;28/08/2019;Cotações
Medio;29/08/2019;Cotações
Medio;30/08/2019;Cotações
Medio;02/09/2019;Cotações
Medio;03/09/2019;Cotações
Medio;04/09/2019;Cotações
Medio;05/09/2019;Cotações
Medio;06/09/2019;Cotações
Medio;09/09/2019;Cotações
Medio;10/09/2019;Cotações
Medio;11/09/2019;Cotações
Medio;12/09/2019;Cotações
Medio;13/09/2019;Cotações
Medio;16/09/2019;Cotações
Medio;17/09/2019;Cotações
Medio;18/09/2019;Cotações
Medio;19/09/2019;Cotações
Medio;20/09/2019;Cotações
Medio;23/09/2019;Cotações
Medio;24/09/2019;Cotações
Medio;25/09/2019;Cotações
Medio;26/09/2019;Cotações
Medio;27/09/2019;Cotações
Medio;30/09/2019;Cotações
Medio;01/10/2019;Cotações
Medio;02/10/2019;Cotações
Medio;03/10/2019;Cotações
Medio;04/10/2019;Cotações
Medio;07/10/2019;Cotações
Medio;08/10/2019;Cotações
Medio;09/10/2019;Cotações
Medio;10/10/2019;Cotações
Medio;11/10/2019;Cotações
Medio;14/10/2019;Cotações
Medio;15/10/2019;Cotações
Medio;16/10/2019;Cotações
Medio;17/10/2019;Cotações
Medio;18/10/2019;Cotações
Medio;21/10/2019;Cotações
Medio;22/10/2019;Cotações
Medio;23/10/2019;Cotações
Medio;24/10/2019;Cotações
Medio;25/10/2019;Cotações
Medio;28/10/2019;Cotações
Medio;29/10/2019;Cotações
Medio;30/10/2019;Cotações
Medio;31/10/2019;Cotações
Medio;01/11/2019;Cotações
Medio;04/11/2019;Cotações
Medio;05/11/2019;Cotações
Medio;06/11/2019;Cotações
Medio;07/11/2019;Cotações
Medio;08/11/2019;Cotações
Medio;11/11/2019;Cotações
Medio;12/11/2019;Cotações
Medio;13/11/2019;Cotações
Medio;14/11/2019;Cotações
Medio;18/11/2019;Cotações
Medio;19/11/2019;Cotações
Medio;21/11/2019;Cotações
Medio;22/11/2019;Cotações
Medio;25/11/2019;Cotações
Medio;26/11/2019;Cotações
Medio;27/11/2019;Cotações
Medio;28/11/2019;Cotações
Medio;29/11/2019;Cotações
Medio;02/12/2019;Cotações
Medio;03/12/2019;Cotações
Medio;04/12/2019;Cotações
Medio;05/12/2019;Cotações
Medio;06/12/2019;Cotações
Medio;09/12/2019;Cotações
Medio;10/12/2019;Cotações
Medio;11/12/2019;Cotações
Medio;12/12/2019;Cotações
Medio;13/12/2019;Cotações
Medio;16/12/2019;Cotações
Medio;17/12/2019;Cotações
Medio;18/12/2019;Cotações
Medio;19/12/2019;Cotações
Medio;20/12/2019;Cotações
Medio;23/12/2019;Cotações
Medio;26/12/2019;Cotações
Medio;27/12/2019;Cotações
Medio;30/12/2019;Cotações
Medio;02/01/2020;Cotações
Medio;03/01/2020;Cotações
Medio;06/01/2020;Cotações
Medio;07/01/2020;Cotações
Medio;08/01/2020;Cotações
Medio;09/01/2020;Cotações
Medio;10/01/2020;Cotações
Medio;13/01/2020;Cotações
Medio;14/01/2020;Cotações
Medio;15/01/2020;Cotações
Medio;16/01/2020;Cotações
Medio;17/01/2020;Cotações
Medio;20/01/2020;Cotações
Medio;21/01/2020;Cotações
Medio;22/01/2020;Cotações
Medio;23/01/2020;Cotações
Medio;24/01/2020;Cotações
Medio;27/01/2020;Cotações
Medio;28/01/2020;Cotações
Medio;29/01/2020;Cotações
Medio;30/01/2020;Cotações
Medio;31/01/2020;Cotações
Medio;03/02/2020;Cotações
Medio;04/02/2020;Cotações
Medio;05/02/2020;Cotações
Medio;06/02/2020;Cotações
Medio;07/02/2020;Cotações
Medio;10/02/2020;Cotações
Medio;11/02/2020;Cotações
Medio;12/02/2020;Cotações
Medio;13/02/2020;Cotações
Medio;14/02/2020;Cotações
Medio;17/02/2020;Cotações
Medio;18/02/2020;Cotações
Medio;19/02/2020;Cotações
Medio;20/02/2020;Cotações
Medio;21/02/2020;Cotações
Medio;26/02/2020;Cotações
Medio;27/02/2020;Cotações
Medio;28/02/2020;Cotações
Medio;02/03/2020;Cotações
Medio;03/03/2020;Cotações
Medio;04/03/2020;Cotações
Medio;05/03/2020;Cotações
Medio;06/03/2020;Cotações
Medio;09/03/2020;Cotações
Medio;10/03/2020;Cotações
Medio;11/03/2020;Cotações
Medio;12/03/2020;Cotações
Medio;13/03/2020;Cotações
Medio;16/03/2020;Cotações
Medio;17/03/2020;Cotações
Medio;18/03/2020;Cotações
Medio;19/03/2020;Cotações
Medio;20/03/2020;Cotações
Medio;23/03/2020;Cotações
Medio;24/03/2020;Cotações
Medio;25/03/2020;Cotações
Medio;26/03/2020;Cotações
Medio;27/03/2020;Cotações
Medio;30/03/2020;Cotações
Medio;31/03/2020;Cotações
Medio;01/04/2020;Cotações
Medio;02/04/2020;Cotações
Medio;03/04/2020;Cotações
Medio;06/04/2020;Cotações
Medio;07/04/2020;Cotações
Medio;08/04/2020;Cotações
Medio;09/04/2020;Cotações
Medio;13/04/2020;Cotações
Medio;14/04/2020;Cotações
Medio;15/04/2020;Cotações
Medio;16/04/2020;Cotações
Medio;17/04/2020;Cotações
Medio;20/04/2020;Cotações
Medio;22/04/2020;Cotações
Medio;23/04/2020;Cotações
Medio;24/04/2020;Cotações
Medio;27/04/2020;Cotações
Medio;28/04/2020;Cotações
Medio;29/04/2020;Cotações
Medio;30/04/2020;Cotações
Medio;04/05/2020;Cotações
Medio;05/05/2020;Cotações
Medio;06/05/2020;Cotações
Medio;07/05/2020;Cotações
Medio;08/05/2020;Cotações
Medio;11/05/2020;Cotações
Medio;12/05/2020;Cotações
Medio;13/05/2020;Cotações
Medio;14/05/2020;Cotações
Medio;15/05/2020;Cotações
Medio;18/05/2020;Cotações
Medio;19/05/2020;Cotações
Medio;20/05/2020;Cotações
Medio;21/05/2020;Cotações
Medio;22/05/2020;Cotações
Medio;25/05/2020;Cotações
Medio;26/05/2020;Cotações
Medio;27/05/2020;Cotações
Medio;28/05/2020;Cotações
Medio;29/05/2020;Cotações
Medio;01/06/2020;Cotações
Medio;02/06/2020;Cotações
Medio;03/06/2020;Cotações
Medio;04/06/2020;Cotações
Medio;05/06/2020;Cotações
Medio;08/06/2020;Cotações
Medio;09/06/2020;Cotações
Medio;10/06/2020;Cotações
Medio;12/06/2020;Cotações
Medio;15/06/2020;Cotações
Medio;16/06/2020;Cotações
Medio;17/06/2020;Cotações
Medio;18/06/2020;Cotações
Medio;19/06/2020;Cotações
Medio;22/06/2020;Cotações
Medio;23/06/2020;Cotações
Medio;24/06/2020;Cotações
Medio;25/06/2020;Cotações
Medio;26/06/2020;Cotações
Medio;29/06/2020;Cotações
Medio;30/06/2020;Cotações
Medio;01/07/2020;Cotações
Medio;02/07/2020;Cotações
Medio;03/07/2020;Cotações
Medio;06/07/2020;Cotações
Medio;07/07/2020;Cotações
Medio;08/07/2020;Cotações
Medio;09/07/2020;Cotações
Medio;10/07/2020;Cotações
Medio;13/07/2020;Cotações
Medio;14/07/2020;Cotações
Medio;15/07/2020;Cotações
Medio;16/07/2020;Cotações
Medio;17/07/2020;Cotações
Medio;20/07/2020;Cotações
Medio;21/07/2020;Cotações
Medio;22/07/2020;Cotações
Medio;23/07/2020;Cotações
Medio;24/07/2020;Cotações
Medio;27/07/2020;Cotações
Medio;28/07/2020;Cotações
Medio;29/07/2020;Cotações
Medio;30/07/2020;Cotações
Medio;31/07/2020;Cotações
Medio;03/08/2020;Cotações
Medio;04/08/2020;Cotações
Medio;05/08/2020;Cotações
Medio;06/08/2020;Cotações
Medio;07/08/2020;Cotações
Medio;10/08/2020;Cotações
Medio;11/08/2020;Cotações
Medio;12/08/2020;Cotações
Medio;13/08/2020;Cotações
Medio;14/08/2020;Cotações
Medio;17/08/2020;Cotações
Medio;18/08/2020;Cotações
Medio;19/08/2020;Cotações
Medio;20/08/2020;Cotações
Medio;21/08/2020;Cotações
Medio;24/08/2020;Cotações
Medio;25/08/2020;Cotações
Medio;26/08/2020;Cotações
Medio;27/08/2020;Cotações
Medio;28/08/2020;Cotações
Medio;31/08/2020;Cotações
Medio;01/09/2020;Cotações
Medio;02/09/2020;Cotações
Medio;03/09/2020;Cotações
Medio;04/09/2020;Cotações
Medio;08/09/2020;Cotações
Medio;09/09/2020;Cotações
Medio;10/09/2020;Cotações
Medio;11/09/2020;Cotações
Medio;14/09/2020;Cotações
Medio;15/09/2020;Cotações
Medio;16/09/2020;Cotações
Medio;17/09/2020;Cotações
Medio;18/09/2020;Cotações
Medio;21/09/2020;Cotações
Medio;22/09/2020;Cotações
Medio;23/09/2020;Cotações
Medio;24/09/2020;Cotações
Medio;25/09/2020;Cotações
Medio;28/09/2020;Cotações
Medio;29/09/2020;Cotações
Medio;30/09/2020;Cotações
Medio;01/10/2020;Cotações
Medio;02/10/2020;Cotações
Medio;05/10/2020;Cotações
Medio;06/10/2020;Cotações
Medio;07/10/2020;Cotações
Medio;08/10/2020;Cotações
Medio;09/10/2020;Cotações
Medio;13/10/2020;Cotações
Medio;14/10/2020;Cotações
Medio;15/10/2020;Cotações
Medio;16/10/2020;Cotações
Medio;19/10/2020;Cotações
Medio;20/10/2020;Cotações
Medio;21/10/2020;Cotações
Medio;22/10/2020;Cotações
Medio;23/10/2020;Cotações
Medio;26/10/2020;Cotações
Medio;27/10/2020;Cotações
Medio;28/10/2020;Cotações
Medio;29/10/2020;Cotações
Medio;30/10/2020;Cotações
Medio;03/11/2020;Cotações
Medio;04/11/2020;Cotações
Medio;05/11/2020;Cotações
Medio;06/11/2020;Cotações
Medio;09/11/2020;Cotações
Medio;10/11/2020;Cotações
Medio;11/11/2020;Cotações
Medio;12/11/2020;Cotações
Medio;13/11/2020;Cotações
Medio;16/11/2020;Cotações
Medio;17/11/2020;Cotações
Medio;18/11/2020;Cotações
Medio;19/11/2020;Cotações
Medio;20/11/2020;Cotações
Medio;23/11/2020;Cotações
Medio;24/11/2020;Cotações
Medio;25/11/2020;Cotações
Medio;26/11/2020;Cotações
Medio;27/11/2020;Cotações
Medio;30/11/2020;Cotações
Medio;01/12/2020;Cotações
Medio;02/12/2020;Cotações
Medio;03/12/2020;Cotações
Medio;04/12/2020;Cotações
Medio;07/12/2020;Cotações
Medio;08/12/2020;Cotações
Medio;09/12/2020;Cotações
Medio;10/12/2020;Cotações
Medio;11/12/2020;Cotações
Medio;14/12/2020;Cotações
Medio;15/12/2020;Cotações
Medio;16/12/2020;Cotações
Medio;17/12/2020;Cotações
Medio;18/12/2020;Cotações
Medio;21/12/2020;Cotações
Medio;22/12/2020;Cotações
Medio;23/12/2020;Cotações
Medio;28/12/2020;Cotações
Medio;29/12/2020;Cotações
Medio;30/12/2020;Cotações
Medio;04/01/2021;Cotações
Medio;05/01/2021;Cotações
Medio;06/01/2021;Cotações
Medio;07/01/2021;Cotações
Medio;08/01/2021;Cotações
Medio;11/01/2021;Cotações
Medio;12/01/2021;Cotações
Medio;13/01/2021;Cotações
Medio;14/01/2021;Cotações
Medio;15/01/2021;Cotações
Medio;18/01/2021;Cotações
Medio;19/01/2021;Cotações
Medio;20/01/2021;Cotações
Medio;21/01/2021;Cotações
Medio;22/01/2021;Cotações
Medio;26/01/2021;Cotações
Medio;27/01/2021;Cotações
Medio;28/01/2021;Cotações
Medio;29/01/2021;Cotações
Medio;01/02/2021;Cotações
Medio;02/02/2021;Cotações
Medio;03/02/2021;Cotações
Medio;04/02/2021;Cotações
Medio;05/02/2021;Cotações
Medio;08/02/2021;Cotações
Medio;09/02/2021;Cotações
Medio;10/02/2021;Cotações
Medio;11/02/2021;Cotações
Medio;12/02/2021;Cotações
Medio;17/02/2021;Cotações
Medio;18/02/2021;Cotações
Medio;19/02/2021;Cotações
Medio;22/02/2021;Cotações
Medio;23/02/2021;Cotações
Medio;24/02/2021;Cotações
Medio;25/02/2021;Cotações
Medio;26/02/2021;Cotações
Medio;01/03/2021;Cotações
Medio;02/03/2021;Cotações
Medio;03/03/2021;Cotações
Medio;04/03/2021;Cotações
Medio;05/03/2021;Cotações
Medio;08/03/2021;Cotações
Medio;09/03/2021;Cotações
Medio;10/03/2021;Cotações
Medio;11/03/2021;Cotações
Medio;12/03/2021;Cotações
Medio;15/03/2021;Cotações
Medio;16/03/2021;Cotações
Medio;17/03/2021;Cotações
Medio;18/03/2021;Cotações
Medio;19/03/2021;Cotações
Medio;22/03/2021;Cotações
Medio;23/03/2021;Cotações
Medio;24/03/2021;Cotações
Medio;25/03/2021;Cotações
Medio;26/03/2021;Cotações
Medio;29/03/2021;Cotações
Medio;30/03/2021;Cotações
Medio;31/03/2021;Cotações
Medio;01/04/2021;Cotações
Medio;05/04/2021;Cotações
Medio;06/04/2021;Cotações
Medio;07/04/2021;Cotações
Medio;08/04/2021;Cotações
Medio;09/04/2021;Cotações
Medio;12/04/2021;Cotações
Medio;13/04/2021;Cotações
Medio;14/04/2021;Cotações
Medio;15/04/2021;Cotações
Medio;16/04/2021;Cotações
Medio;19/04/2021;Cotações
Medio;20/04/2021;Cotações
Medio;22/04/2021;Cotações
Medio;23/04/2021;Cotações
Medio;26/04/2021;Cotações
Medio;27/04/2021;Cotações
Medio;28/04/2021;Cotações
Medio;29/04/2021;Cotações
Medio;30/04/2021;Cotações
Medio;03/05/2021;Cotações
Medio;04/05/2021;Cotações
Medio;05/05/2021;Cotações
Medio;06/05/2021;Cotações
Medio;07/05/2021;Cotações
Medio;10/05/2021;Cotações
Medio;11/05/2021;Cotações
Medio;12/05/2021;Cotações
Medio;13/05/2021;Cotações
Medio;14/05/2021;Cotações
Medio;17/05/2021;Cotações
Medio;18/05/2021;Cotações
Medio;19/05/2021;Cotações
Medio;20/05/2021;Cotações
Medio;21/05/2021;Cotações
Medio;24/05/2021;Cotações
Medio;25/05/2021;Cotações
Medio;26/05/2021;Cotações
Medio;27/05/2021;Cotações
Medio;28/05/2021;Cotações
Medio;31/05/2021;Cotações
Medio;01/06/2021;Cotações
Medio;02/06/2021;Cotações
Medio;04/06/2021;Cotações
Medio;07/06/2021;Cotações
Medio;08/06/2021;Cotações
Medio;09/06/2021;Cotações
Medio;10/06/2021;Cotações
Medio;11/06/2021;Cotações
Medio;14/06/2021;Cotações
Medio;15/06/2021;Cotações
Medio;16/06/2021;Cotações
Medio;17/06/2021;Cotações
Medio;18/06/2021;Cotações
Medio;21/06/2021;Cotações
Medio;22/06/2021;Cotações
Medio;23/06/2021;Cotações
Medio;24/06/2021;Cotações
Medio;25/06/2021;Cotações
Medio;28/06/2021;Cotações
Medio;29/06/2021;Cotações
Medio;30/06/2021;Cotações
Medio;01/07/2021;Cotações
Medio;02/07/2021;Cotações
Medio;05/07/2021;Cotações
Medio;06/07/2021;Cotações
Medio;07/07/2021;Cotações
Medio;08/07/2021;Cotações
Medio;12/07/2021;Cotações
Medio;13/07/2021;Cotações
Medio;14/07/2021;Cotações
Medio;15/07/2021;Cotações
Medio;16/07/2021;Cotações
Medio;19/07/2021;Cotações
Medio;20/07/2021;Cotações
Medio;21/07/2021;Cotações
Medio;22/07/2021;Cotações
Medio;23/07/2021;Cotações
Medio;26/07/2021;Cotações
Medio;27/07/2021;Cotações
Medio;28/07/2021;Cotações
Medio;29/07/2021;Cotações
Medio;30/07/2021;Cotações
Medio;02/08/2021;Cotações
Medio;03/08/2021;Cotações
Medio;04/08/2021;Cotações
Medio;05/08/2021;Cotações
Medio;06/08/2021;Cotações
Medio;09/08/2021;Cotações
Medio;10/08/2021;Cotações
Medio;11/08/2021;Cotações
Medio;12/08/2021;Cotações
Medio;13/08/2021;Cotações
Medio;16/08/2021;Cotações
Medio;17/08/2021;Cotações
Medio;18/08/2021;Cotações
Medio;19/08/2021;Cotações
Medio;20/08/2021;Cotações
Medio;23/08/2021;Cotações
Medio;24/08/2021;Cotações
Medio;25/08/2021;Cotações
Medio;26/08/2021;Cotações
Medio;27/08/2021;Cotações
Medio;30/08/2021;Cotações
Medio;31/08/2021;Cotações
Medio;01/09/2021;Cotações
Medio;02/09/2021;Cotações
Medio;03/09/2021;Cotações
Medio;06/09/2021;Cotações
Medio;08/09/2021;Cotações
Medio;09/09/2021;Cotações
Medio;10/09/2021;Cotações
Medio;13/09/2021;Cotações
Medio;14/09/2021;Cotações
Medio;15/09/2021;Cotações
Medio;16/09/2021;Cotações
Medio;17/09/2021;Cotações
Medio;20/09/2021;Cotações
Medio;21/09/2021;Cotações
Medio;22/09/2021;Cotações
Medio;23/09/2021;Cotações
Medio;24/09/2021;Cotações
Medio;27/09/2021;Cotações
Medio;28/09/2021;Cotações
Medio;29/09/2021;Cotações
Medio;30/09/2021;Cotações
Medio;01/10/2021;Cotações
Medio;04/10/2021;Cotações
Medio;05/10/2021;Cotações
Medio;06/10/2021;Cotações
Medio;07/10/2021;Cotações
Medio;08/10/2021;Cotações
Medio;11/10/2021;Cotações
Medio;13/10/2021;Cotações
Medio;14/10/2021;Cotações
Medio;15/10/2021;Cotações
Medio;18/10/2021;Cotações
Medio;19/10/2021;Cotações
Medio;20/10/2021;Cotações
Medio;21/10/2021;Cotações
Medio;22/10/2021;Cotações
Medio;25/10/2021;Cotações
Medio;26/10/2021;Cotações
Medio;27/10/2021;Cotações
Medio;28/10/2021;Cotações
Medio;29/10/2021;Cotações
Medio;01/11/2021;Cotações
Medio;03/11/2021;Cotações
Medio;04/11/2021;Cotações
Medio;05/11/2021;Cotações
Medio;08/11/2021;Cotações
Medio;09/11/2021;Cotações
Medio;10/11/2021;Cotações
Medio;11/11/2021;Cotações
Medio;12/11/2021;Cotações
Medio;16/11/2021;Cotações
Medio;17/11/2021;Cotações
Medio;18/11/2021;Cotações
Medio;19/11/2021;Cotações
Medio;22/11/2021;Cotações
Medio;23/11/2021;Cotações
Medio;24/11/2021;Cotações
Medio;25/11/2021;Cotações
Medio;26/11/2021;Cotações
Medio;29/11/2021;Cotações
Medio;30/11/2021;Cotações
Medio;01/12/2021;Cotações
Medio;02/12/2021;Cotações
Medio;03/12/2021;Cotações
Medio;06/12/2021;Cotações
Medio;07/12/2021;Cotações
Medio;08/12/2021;Cotações
Medio;09/12/2021;Cotações
Medio;10/12/2021;Cotações
Medio;13/12/2021;Cotações
Medio;14/12/2021;Cotações
Medio;15/12/2021;Cotações
Medio;16/12/2021;Cotações
Medio;17/12/2021;Cotações
Medio;20/12/2021;Cotações
Medio;21/12/2021;Cotações
Medio;22/12/2021;Cotações
Medio;23/12/2021;Cotações
Medio;27/12/2021;Cotações
Medio;28/12/2021;Cotações
Medio;29/12/2021;Cotações
Medio;30/12/2021;Cotações
Medio;03/01/2022;Cotações
Medio;04/01/2022;Cotações
Medio;05/01/2022;Cotações
Medio;06/01/2022;Cotações
Medio;07/01/2022;Cotações
Medio;10/01/2022;Cotações
Medio;11/01/2022;Cotações
Medio;12/01/2022;Cotações
Medio;13/01/2022;Cotações
Medio;14/01/2022;Cotações
Medio;17/01/2022;Cotações
Medio;18/01/2022;Cotações
Medio;19/01/2022;Cotações
Medio;20/01/2022;Cotações
Medio;21/01/2022;Cotações
Medio;24/01/2022;Cotações
Medio;25/01/2022;Cotações
Medio;26/01/2022;Cotações
Medio;27/01/2022;Cotações
Medio;28/01/2022;Cotações
Medio;31/01/2022;Cotações
Medio;01/02/2022;Cotações
Medio;02/02/2022;Cotações
Medio;03/02/2022;Cotações
Medio;04/02/2022;Cotações
Medio;07/02/2022;Cotações
Medio;08/02/2022;Cotações
Medio;09/02/2022;Cotações
Medio;10/02/2022;Cotações
Medio;11/02/2022;Cotações
Medio;14/02/2022;Cotações
Medio;15/02/2022;Cotações
Medio;16/02/2022;Cotações
Medio;17/02/2022;Cotações
Medio;18/02/2022;Cotações
Medio;21/02/2022;Cotações
Medio;22/02/2022;Cotações
Medio;23/02/2022;Cotações
Medio;24/02/2022;Cotações
Medio;25/02/2022;Cotações
Medio;02/03/2022;Cotações
Medio;03/03/2022;Cotações
Medio;04/03/2022;Cotações
Medio;07/03/2022;Cotações
Medio;08/03/2022;Cotações
Medio;09/03/2022;Cotações
Medio;10/03/2022;Cotações
Medio;11/03/2022;Cotações
Medio;14/03/2022;Cotações
Medio;15/03/2022;Cotações
Medio;16/03/2022;Cotações
Medio;17/03/2022;Cotações
Medio;18/03/2022;Cotações
Medio;21/03/2022;Cotações
Medio;22/03/2022;Cotações
Medio;23/03/2022;Cotações
Medio;24/03/2022;Cotações
Medio;25/03/2022;Cotações
Medio;28/03/2022;Cotações
Medio;29/03/2022;Cotações
Medio;30/03/2022;Cotações
Medio;31/03/2022;Cotações
Medio;01/04/2022;Cotações
Medio;04/04/2022;Cotações
Medio;05/04/2022;Cotações
Medio;06/04/2022;Cotações
Medio;07/04/2022;Cotações
Medio;08/04/2022;Cotações
Medio;11/04/2022;Cotações
Medio;12/04/2022;Cotações
Medio;13/04/2022;Cotações
Medio;14/04/2022;Cotações
Medio;18/04/2022;Cotações
Medio;19/04/2022;Cotações
Medio;20/04/2022;Cotações
Medio;22/04/2022;Cotações
Medio;25/04/2022;Cotações
Medio;26/04/2022;Cotações
Medio;27/04/2022;Cotações
Medio;28/04/2022;Cotações
Medio;29/04/2022;Cotações
Medio;02/05/2022;Cotações
Medio;03/05/2022;Cotações
Medio;04/05/2022;Cotações
Medio;05/05/2022;Cotações
Medio;06/05/2022;Cotações
Medio;09/05/2022;Cotações
Medio;10/05/2022;Cotações
Medio;11/05/2022;Cotações
Medio;12/05/2022;Cotações
Medio;13/05/2022;Cotações
Medio;16/05/2022;Cotações
Medio;17/05/2022;Cotações
Medio;18/05/2022;Cotações
Medio;19/05/2022;Cotações
Medio;20/05/2022;Cotações
Medio;23/05/2022;Cotações
Medio;24/05/2022;Cotações
Medio;25/05/2022;Cotações
Medio;26/05/2022;Cotações
Medio;27/05/2022;Cotações
Medio;30/05/2022;Cotações
Medio;31/05/2022;Cotações
Medio;01/06/2022;Cotações
Medio;02/06/2022;Cotações
Medio;03/06/2022;Cotações
Medio;06/06/2022;Cotações
Medio;07/06/2022;Cotações
Medio;08/06/2022;Cotações
Medio;09/06/2022;Cotações
Medio;10/06/2022;Cotações
Medio;13/06/2022;Cotações
Medio;14/06/2022;Cotações
Medio;15/06/2022;Cotações
Medio;17/06/2022;Cotações
Medio;20/06/2022;Cotações
Medio;21/06/2022;Cotações
Medio;22/06/2022;Cotações
Medio;23/06/2022;Cotações
Medio;24/06/2022;Cotações
Medio;27/06/2022;Cotações
Medio;28/06/2022;Cotações
Medio;29/06/2022;Cotações
Medio;30/06/2022;Cotações
Medio;01/07/2022;Cotações
Medio;04/07/2022;Cotações
Medio;05/07/2022;Cotações
Medio;06/07/2022;Cotações
Medio;07/07/2022;Cotações
Medio;08/07/2022;Cotações
Medio;11/07/2022;Cotações
Medio;12/07/2022;Cotações
Medio;13/07/2022;Cotações
Medio;14/07/2022;Cotações
Medio;15/07/2022;Cotações
Medio;18/07/2022;Cotações
Medio;19/07/2022;Cotações
Medio;20/07/2022;Cotações
Medio;21/07/2022;Cotações
Medio;22/07/2022;Cotações
Medio;25/07/2022;Cotações
Medio;26/07/2022;Cotações
Medio;27/07/2022;Cotações
Medio;28/07/2022;Cotações
Medio;29/07/2022;Cotações
Medio;01/08/2022;Cotações
Medio;02/08/2022;Cotações
Medio;03/08/2022;Cotações
Medio;04/08/2022;Cotações
Medio;05/08/2022;Cotações
Medio;08/08/2022;Cotações
Medio;09/08/2022;Cotações
Medio;10/08/2022;Cotações
Medio;11/08/2022;Cotações
Medio;12/08/2022;Cotações
Medio;15/08/2022;Cotações
Medio;16/08/2022;Cotações
Medio;17/08/2022;Cotações
Medio;18/08/2022;Cotações
Medio;19/08/2022;Cotações
Medio;22/08/2022;Cotações
Medio;23/08/2022;Cotações
Medio;24/08/2022;Cotações
Medio;25/08/2022;Cotações
Medio;26/08/2022;Cotações
Medio;29/08/2022;Cotações
Medio;30/08/2022;Cotações
Medio;31/08/2022;Cotações
Medio;01/09/2022;Cotações
Medio;02/09/2022;Cotações
Medio;05/09/2022;Cotações
Medio;06/09/2022;Cotações
Medio;08/09/2022;Cotações
Medio;09/09/2022;Cotações
Medio;12/09/2022;Cotações
Medio;13/09/2022;Cotações
Medio;14/09/2022;Cotações
Medio;15/09/2022;Cotações
Medio;16/09/2022;Cotações
Medio;19/09/2022;Cotações
Medio;20/09/2022;Cotações
Medio;21/09/2022;Cotações
Medio;22/09/2022;Cotações
Medio;23/09/2022;Cotações
Medio;26/09/2022;Cotações
Medio;27/09/2022;Cotações
Medio;28/09/2022;Cotações
Medio;29/09/2022;Cotações
Medio;30/09/2022;Cotações
Medio;03/10/2022;Cotações
Medio;04/10/2022;Cotações
Medio;05/10/2022;Cotações
Medio;06/10/2022;Cotações
Medio;07/10/2022;Cotações
Medio;10/10/2022;Cotações
Medio;11/10/2022;Cotações
Medio;13/10/2022;Cotações
Medio;14/10/2022;Cotações
Medio;17/10/2022;Cotações
Medio;18/10/2022;Cotações
Medio;19/10/2022;Cotações
Medio;20/10/2022;Cotações
Medio;21/10/2022;Cotações
Medio;24/10/2022;Cotações
Medio;25/10/2022;Cotações
Medio;26/10/2022;Cotações
Medio;27/10/2022;Cotações
Medio;28/10/2022;Cotações
Medio;31/10/2022;Cotações
Medio;01/11/2022;Cotações
Medio;03/11/2022;Cotações
Medio;04/11/2022;Cotações
Medio;07/11/2022;Cotações
Medio;08/11/2022;Cotações
Medio;09/11/2022;Cotações
Medio;10/11/2022;Cotações
Medio;11/11/2022;Cotações
Medio;14/11/2022;Cotações
Medio;16/11/2022;Cotações
Medio;17/11/2022;Cotações
Medio;18/11/2022;Cotações
Medio;21/11/2022;Cotações
Medio;22/11/2022;Cotações
Medio;23/11/2022;Cotações
Medio;24/11/2022;Cotações
Medio;25/11/2022;Cotações
Medio;28/11/2022;Cotações
Medio;29/11/2022;Cotações
Medio;30/11/2022;Cotações
Medio;01/12/2022;Cotações
Medio;02/12/2022;Cotações
Medio;05/12/2022;Cotações
Medio;06/12/2022;Cotações
Medio;07/12/2022;Cotações
Medio;08/12/2022;Cotações
Medio;09/12/2022;Cotações
Medio;12/12/2022;Cotações
Medio;13/12/2022;Cotações
Medio;14/12/2022;Cotações
Medio;15/12/2022;Cotações
Medio;16/12/2022;Cotações
Medio;19/12/2022;Cotações
Medio;20/12/2022;Cotações
Medio;21/12/2022;Cotações
Medio;22/12/2022;Cotações
Medio;23/12/2022;Cotações
Medio;26/12/2022;Cotações
Medio;27/12/2022;Cotações
Medio;28/12/2022;Cotações
Medio;29/12/2022;Cotações
Medio;02/01/2023;Cotações
Medio;03/01/2023;Cotações
Medio;04/01/2023;Cotações
Medio;05/01/2023;Cotações
Medio;06/01/2023;Cotações
Medio;09/01/2023;Cotações
Medio;10/01/2023;Cotações
Medio;11/01/2023;Cotações
Medio;12/01/2023;Cotações
Medio;13/01/2023;Cotações
Medio;16/01/2023;Cotações
Medio;17/01/2023;Cotações
Medio;18/01/2023;Cotações
Medio;19/01/2023;Cotações
Medio;20/01/2023;Cotações
Medio;23/01/2023;Cotações
Medio;24/01/2023;Cotações
Medio;25/01/2023;Cotações
Medio;26/01/2023;Cotações
Medio;27/01/2023;Cotações
Medio;30/01/2023;Cotações
Medio;31/01/2023;Cotações
Medio;01/02/2023;Cotações
Medio;02/02/2023;Cotações
Medio;03/02/2023;Cotações
Medio;06/02/2023;Cotações
Medio;07/02/2023;Cotações
Medio;08/02/2023;Cotações
Medio;09/02/2023;Cotações
Medio;10/02/2023;Cotações
Medio;13/02/2023;Cotações
Medio;14/02/2023;Cotações
Medio;15/02/2023;Cotações
Medio;16/02/2023;Cotações
Medio;17/02/2023;Cotações
Medio;22/02/2023;Cotações
Medio;23/02/2023;Cotações
Medio;24/02/2023;Cotações
Medio;27/02/2023;Cotações
Medio;28/02/2023;Cotações
Medio;01/03/2023;Cotações
Medio;02/03/2023;Cotações
Medio;03/03/2023;Cotações
Medio;06/03/2023;Cotações
Medio;07/03/2023;Cotações
Medio;08/03/2023;Cotações
Medio;09/03/2023;Cotações
Medio;10/03/2023;Cotações
Medio;13/03/2023;Cotações
Medio;14/03/2023;Cotações
Medio;15/03/2023;Cotações
Medio;16/03/2023;Cotações
Medio;17/03/2023;Cotações
Medio;20/03/2023;Cotações
Medio;21/03/2023;Cotações
Medio;22/03/2023;Cotações
Medio;23/03/2023;Cotações
Medio;24/03/2023;Cotações
Medio;27/03/2023;Cotações
Medio;28/03/2023;Cotações
Medio;29/03/2023;Cotações
Medio;30/03/2023;Cotações
Medio;31/03/2023;Cotações
Medio;03/04/2023;Cotações
Medio;04/04/2023;Cotações
Medio;05/04/2023;Cotações
Medio;06/04/2023;Cotações
Medio;10/04/2023;Cotações
Medio;11/04/2023;Cotações
Medio;12/04/2023;Cotações
Medio;13/04/2023;Cotações
Medio;14/04/2023;Cotações
Medio;17/04/2023;Cotações
Medio;18/04/2023;Cotações
Medio;19/04/2023;Cotações
Medio;20/04/2023;Cotações
Medio;24/04/2023;Cotações
Medio;25/04/2023;Cotações
Medio;26/04/2023;Cotações
Medio;27/04/2023;Cotações
Medio;28/04/2023;Cotações
Medio;02/05/2023;Cotações
Medio;03/05/2023;Cotações
Medio;04/05/2023;Cotações
Medio;05/05/2023;Cotações
Medio;08/05/2023;Cotações
Medio;09/05/2023;Cotações
Medio;10/05/2023;Cotações
Medio;11/05/2023;Cotações
Medio;12/05/2023;Cotações
Medio;15/05/2023;Cotações
Medio;16/05/2023;Cotações
Medio;17/05/2023;Cotações
Medio;18/05/2023;Cotações
Medio;19/05/2023;Cotações
Medio;22/05/2023;Cotações
Medio;23/05/2023;Cotações
Medio;24/05/2023;Cotações
Medio;25/05/2023;Cotações
Medio;26/05/2023;Cotações
Medio;29/05/2023;Cotações
Medio;30/05/2023;Cotações
Medio;31/05/2023;Cotações
Medio;01/06/2023;Cotações
Medio;02/06/2023;Cotações
Medio;05/06/2023;Cotações
Medio;06/06/2023;Cotações
Medio;07/06/2023;Cotações
Medio;09/06/2023;Cotações
Medio;12/06/2023;Cotações
Medio;13/06/2023;Cotações
Medio;14/06/2023;Cotações
Medio;15/06/2023;Cotações
Medio;16/06/2023;Cotações
Medio;19/06/2023;Cotações
Medio;20/06/2023;Cotações
Medio;21/06/2023;Cotações
Medio;22/06/2023;Cotações
Medio;23/06/2023;Cotações
Medio;26/06/2023;Cotações
Medio;27/06/2023;Cotações
Medio;28/06/2023;Cotações
Medio;29/06/2023;Cotações
Medio;30/06/2023;Cotações
Medio;03/07/2023;Cotações
Medio;04/07/2023;Cotações
Medio;05/07/2023;Cotações
Medio;06/07/2023;Cotações
Medio;07/07/2023;Cotações
Medio;10/07/2023;Cotações
Medio;11/07/2023;Cotações
Medio;12/07/2023;Cotações
Medio;13/07/2023;Cotações
Medio;14/07/2023;Cotações
Medio;17/07/2023;Cotações
Medio;18/07/2023;Cotações
Medio;19/07/2023;Cotações
Medio;20/07/2023;Cotações
Medio;21/07/2023;Cotações
Medio;24/07/2023;Cotações
Medio;25/07/2023;Cotações
Medio;26/07/2023;Cotações
Medio;27/07/2023;Cotações
Medio;28/07/2023;Cotações
Medio;31/07/2023;Cotações
Medio;01/08/2023;Cotações
Medio;02/08/2023;Cotações
Medio;03/08/2023;Cotações
Medio;04/08/2023;Cotações
Medio;07/08/2023;Cotações
Medio;08/08/2023;Cotações
Medio;09/08/2023;Cotações
Medio;10/08/2023;Cotações
Medio;11/08/2023;Cotações
Medio;14/08/2023;Cotações
Medio;15/08/2023;Cotações
Medio;16/08/2023;Cotações
Medio;17/08/2023;Cotações
Medio;18/08/2023;Cotações
Medio;21/08/2023;Cotações
Medio;22/08/2023;Cotações
Medio;23/08/2023;Cotações
Medio;24/08/2023;Cotações
Medio;25/08/2023;Cotações
Medio;28/08/2023;Cotações
Medio;29/08/2023;Cotações
Medio;30/08/2023;Cotações
Medio;31/08/2023;Cotações
Medio;01/09/2023;Cotações
Medio;04/09/2023;Cotações
Medio;05/09/2023;Cotações
Medio;06/09/2023;Cotações
Medio;08/09/2023;Cotações
Medio;11/09/2023;Cotações
Medio;12/09/2023;Cotações
Medio;13/09/2023;Cotações
Medio;14/09/2023;Cotações
Medio;15/09/2023;Cotações
Medio;18/09/2023;Cotações
Medio;19/09/2023;Cotações
Medio;20/09/2023;Cotações
Medio;21/09/2023;Cotações
Medio;22/09/2023;Cotações
Medio;25/09/2023;Cotações
Medio;26/09/2023;Cotações
Medio;27/09/2023;Cotações
Medio;28/09/2023;Cotações
Medio;29/09/2023;Cotações
Medio;02/10/2023;Cotações
Medio;03/10/2023;Cotações
Medio;04/10/2023;Cotações
Medio;05/10/2023;Cotações
Medio;06/10/2023;Cotações
Medio;09/10/2023;Cotações
Medio;10/10/2023;Cotações
Medio;11/10/2023;Cotações
Medio;13/10/2023;Cotações
Medio;16/10/2023;Cotações
Medio;17/10/2023;Cotações
Medio;18/10/2023;Cotações
Medio;19/10/2023;Cotações
Medio;20/10/2023;Cotações
Medio;23/10/2023;Cotações
Medio;24/10/2023;Cotações
Medio;25/10/2023;Cotações
Medio;26/10/2023;Cotações
Medio;27/10/2023;Cotações
Medio;30/10/2023;Cotações
Medio;31/10/2023;Cotações
Medio;01/11/2023;Cotações
Medio;03/11/2023;Cotações
Medio;06/11/2023;Cotações
Medio;07/11/2023;Cotações
Medio;08/11/2023;Cotações
Medio;09/11/2023;Cotações
Medio;10/11/2023;Cotações
Medio;13/11/2023;Cotações
Medio;14/11/2023;Cotações
Medio;16/11/2023;Cotações
Medio;17/11/2023;Cotações
Medio;20/11/2023;Cotações
Medio;21/11/2023;Cotações
Medio;22/11/2023;Cotações
Medio;23/11/2023;Cotações
Medio;24/11/2023;Cotações
Medio;27/11/2023;Cotações
Medio;28/11/2023;Cotações
Medio;29/11/2023;Cotações
Medio;30/11/2023;Cotações
Medio;01/12/2023;Cotações
Medio;04/12/2023;Cotações
Medio;05/12/2023;Cotações
Medio;06/12/2023;Cotações
Medio;07/12/2023;Cotações
Medio;08/12/2023;Cotações
Medio;11/12/2023;Cotações
Medio;12/12/2023;Cotações
Medio;13/12/2023;Cotações
Medio;14/12/2023;Cotações
Medio;15/12/2023;Cotações
Medio;18/12/2023;Cotações
Medio;19/12/2023;Cotações
Medio;20/12/2023;Cotações
Medio;21/12/2023;Cotações
Medio;22/12/2023;Cotações
Medio;26/12/2023;Cotações
Medio;27/12/2023;Cotações
Medio;28/12/2023;Cotações
Medio;02/01/2024;Cotações
Medio;03/01/2024;Cotações
Medio;04/01/2024;Cotações
Medio;05/01/2024;Cotações
Medio;08/01/2024;Cotações
Medio;09/01/2024;Cotações
Medio;10/01/2024;Cotações
Medio;11/01/2024;Cotações
Medio;12/01/2024;Cotações
Medio;15/01/2024;Cotações
Medio;16/01/2024;Cotações
Medio;17/01/2024;Cotações
Medio;18/01/2024;Cotações
Medio;19/01/2024;Cotações
Medio;22/01/2024;Cotações
Medio;23/01/2024;Cotações
Medio;24/01/2024;Cotações
Medio;25/01/2024;Cotações
Medio;26/01/2024;Cotações
Medio;29/01/2024;Cotações
Medio;30/01/2024;Cotações
Medio;31/01/2024;Cotações
Medio;01/02/2024;Cotações
Medio;02/02/2024;Cotações
Medio;05/02/2024;Cotações
Medio;06/02/2024;Cotações
Medio;07/02/2024;Cotações
Medio;08/02/2024;Cotações
Medio;09/02/2024;Cotações
Medio;14/02/2024;Cotações
Medio;15/02/2024;Cotações
Medio;16/02/2024;Cotações
Medio;19/02/2024;Cotações
Medio;20/02/2024;Cotações
Medio;21/02/2024;Cotações
Medio;22/02/2024;Cotações
Medio;23/02/2024;Cotações
Medio;26/02/2024;Cotações
Medio;27/02/2024;Cotações
Medio;28/02/2024;Cotações
Medio;29/02/2024;Cotações
Medio;01/03/2024;Cotações
Medio;04/03/2024;Cotações
Medio;05/03/2024;Cotações
Medio;06/03/2024;Cotações
Medio;07/03/2024;Cotações
Medio;08/03/2024;Cotações
Medio;11/03/2024;Cotações
Medio;12/03/2024;Cotações
Medio;13/03/2024;Cotações
Medio;14/03/2024;Cotações
Medio;15/03/2024;Cotações
Medio;18/03/2024;Cotações
Medio;19/03/2024;Cotações
Medio;20/03/2024;Cotações
Medio;21/03/2024;Cotações
Medio;22/03/2024;Cotações
Medio;25/03/2024;Cotações
Medio;26/03/2024;Cotações
Medio;27/03/2024;Cotações
Medio;28/03/2024;Cotações
Medio;01/04/2024;Cotações
Medio;02/04/2024;Cotações
Medio;03/04/2024;Cotações
Medio;04/04/2024;Cotações
Medio;05/04/2024;Cotações
Medio;08/04/2024;Cotações
Medio;09/04/2024;Cotações
Medio;10/04/2024;Cotações
Medio;11/04/2024;Cotações
Medio;12/04/2024;Cotações
Medio;15/04/2024;Cotações
Medio;16/04/2024;Cotações
Medio;17/04/2024;Cotações
Medio;18/04/2024;Cotações
Medio;19/04/2024;Cotações
Medio;22/04/2024;Cotações
Medio;23/04/2024;Cotações
Medio;24/04/2024;Cotações
Medio;25/04/2024;Cotações
Medio;26/04/2024;Cotações
Medio;29/04/2024;Cotações
Medio;30/04/2024;Cotações
Medio;02/05/2024;Cotações
Medio;03/05/2024;Cotações
Medio;06/05/2024;Cotações
Medio;07/05/2024;Cotações
Medio;08/05/2024;Cotações
Medio;09/05/2024;Cotações
Medio;10/05/2024;Cotações
Medio;13/05/2024;Cotações
Medio;14/05/2024;Cotações
Medio;15/05/2024;Cotações
Medio;16/05/2024;Cotações
Medio;17/05/2024;Cotações
Medio;20/05/2024;Cotações
Medio;21/05/2024;Cotações
Medio;22/05/2024;Cotações
Medio;23/05/2024;Cotações
Medio;24/05/2024;Cotações
Medio;27/05/2024;Cotações
Medio;28/05/2024;Cotações
Medio;29/05/2024;Cotações
Medio;31/05/2024;Cotações
Medio;03/06/2024;Cotações
Medio;04/06/2024;Cotações
Medio;05/06/2024;Cotações
Medio;06/06/2024;Cotações
Medio;07/06/2024;Cotações
Medio;10/06/2024;Cotações
Medio;11/06/2024;Cotações
Medio;12/06/2024;Cotações
Medio;13/06/2024;Cotações
Medio;14/06/2024;Cotações
Medio;17/06/2024;Cotações
Medio;18/06/2024;Cotações
Medio;19/06/2024;Cotações
Medio;20/06/2024;Cotações
Medio;21/06/2024;Cotações
Medio;24/06/2024;Cotações
Medio;25/06/2024;Cotações
Medio;26/06/2024;Cotações
Medio;27/06/2024;Cotações
Medio;28/06/2024;Cotações
Medio;01/07/2024;Cotações
Medio;02/07/2024;Cotações
Medio;03/07/2024;Cotações
Medio;04/07/2024;Cotações
Medio;05/07/2024;Cotações
Medio;08/07/2024;Cotações
Medio;09/07/2024;Cotações
Medio;10/07/2024;Cotações
Medio;11/07/2024;Cotações
Medio;12/07/2024;Cotações
Medio;15/07/2024;Cotações
Medio;16/07/2024;Cotações
Medio;17/07/2024;Cotações
Medio;18/07/2024;Cotações
Medio;19/07/2024;Cotações
Medio;22/07/2024;Cotações
Medio;23/07/2024;Cotações
Medio;24/07/2024;Cotações
Medio;25/07/2024;Cotações
Medio;26/07/2024;Cotações
Medio;29/07/2024;Cotações
Medio;30/07/2024;Cotações
Medio;31/07/2024;Cotações
Medio;01/08/2024;Cotações
Medio;02/08/2024;Cotações
Medio;05/08/2024;Cotações
Medio;06/08/2024;Cotações
Medio;07/08/2024;Cotações
Medio;08/08/2024;Cotações
Medio;09/08/2024;Cotações
Medio;12/08/2024;Cotações
Medio;13/08/2024;Cotações
Medio;14/08/2024;Cotações
Medio;15/08/2024;Cotações
Medio;16/08/2024;Cotações
Medio;19/08/2024;Cotações
Medio;20/08/2024;Cotações
Medio;21/08/2024;Cotações
Medio;22/08/2024;Cotações
Medio;23/08/2024;Cotações
Medio;26/08/2024;Cotações
Medio;27/08/2024;Cotações
Medio;28/08/2024;Cotações
Medio;29/08/2024;Cotações
Medio;30/08/2024;Cotações
Medio;02/09/2024;Cotações
Medio;03/09/2024;Cotações
Medio;04/09/2024;Cotações
Medio;05/09/2024;Cotações
Medio;06/09/2024;Cotações
Medio;09/09/2024;Cotações
Medio;10/09/2024;Cotações
Medio;11/09/2024;Cotações
Medio;12/09/2024;Cotações
Medio;13/09/2024;Cotações
Medio;16/09/2024;Cotações
Medio;17/09/2024;Cotações
Medio;18/09/2024;Cotações
Medio;19/09/2024;Cotações
Medio;20/09/2024;Cotações
Medio;23/09/2024;Cotações
Medio;24/09/2024;Cotações
Medio;25/09/2024;Cotações
Medio;26/09/2024;Cotações
Medio;27/09/2024;Cotações
Medio;30/09/2024;Cotações
Medio;01/10/2024;Cotações
Medio;02/10/2024;Cotações
Medio;03/10/2024;Cotações
Medio;04/10/2024;Cotações
Medio;07/10/2024;Cotações
Medio;08/10/2024;Cotações
Medio;09/10/2024;Cotações
Medio;10/10/2024;Cotações
Medio;11/10/2024;Cotações
Medio;14/10/2024;Cotações
Medio;15/10/2024;Cotações
Medio;16/10/2024;Cotações
Medio;17/10/2024;Cotações
Medio;18/10/2024;Cotações
Medio;21/10/2024;Cotações
Medio;22/10/2024;Cotações
Medio;23/10/2024;Cotações
Medio;24/10/2024;Cotações
Medio;25/10/2024;Cotações
Medio;28/10/2024;Cotações
Medio;29/10/2024;Cotações
Medio;30/10/2024;Cotações
Medio;31/10/2024;Cotações
Medio;01/11/2024;Cotações
Medio;04/11/2024;Cotações
Medio;05/11/2024;Cotações
Medio;06/11/2024;Cotações
Medio;07/11/2024;Cotações
Medio;08/11/2024;Cotações
Medio;11/11/2024;Cotações
Medio;12/11/2024;Cotações
Medio;13/11/2024;Cotações
Medio;14/11/2024;Cotações
Medio;18/11/2024;Cotações
Medio;19/11/2024;Cotações
Medio;21/11/2024;Cotações
Medio;22/11/2024;Cotações
Medio;25/11/2024;Cotações
Medio;26/11/2024;Cotações
Medio;27/11/2024;Cotações
Medio;28/11/2024;Cotações
Medio;29/11/2024;Cotações
Medio;02/12/2024;Cotações
Medio;03/12/2024;Cotações
Medio;04/12/2024;Cotações
Medio;05/12/2024;Cotações
Medio;06/12/2024;Cotações
Medio;09/12/2024;Cotações
Medio;10/12/2024;Cotações
Medio;11/12/2024;Cotações
Medio;12/12/2024;Cotações
Medio;13/12/2024;Cotações
Medio;16/12/2024;Cotações
Medio;17/12/2024;Cotações
Medio;18/12/2024;Cotações
Medio;19/12/2024;Cotações
Medio;20/12/2024;Cotações
Medio;23/12/2024;Cotações
Medio;26/12/2024;Cotações
Medio;27/12/2024;Cotações
Medio;30/12/2024;Cotações
Medio;02/01/2025;Cotações
Medio;03/01/2025;Cotações
Medio;06/01/2025;Cotações
Medio;07/01/2025;Cotações
Medio;08/01/2025;Cotações
Medio;09/01/2025;Cotações
Medio;10/01/2025;Cotações
Medio;13/01/2025;Cotações
Medio;14/01/2025;Cotações
Medio;15/01/2025;Cotações
Medio;16/01/2025;Cotações
Medio;17/01/2025;Cotações
Medio;20/01/2025;Cotações
Medio;21/01/2025;Cotações
Medio;22/01/2025;Cotações
Medio;23/01/2025;Cotações
Medio;24/01/2025;Cotações
Medio;27/01/2025;Cotações
Medio;28/01/2025;Cotações
Medio;29/01/2025;Cotações
Medio;30/01/2025;Cotações
Medio;31/01/2025;Cotações
Medio;03/02/2025;Cotações
Medio;04/02/2025;Cotações
Medio;05/02/2025;Cotações
Medio;06/02/2025;Cotações
Medio;07/02/2025;Cotações
Medio;10/02/2025;Cotações
Medio;11/02/2025;Cotações
Medio;12/02/2025;Cotações
Medio;13/02/2025;Cotações
Medio;14/02/2025;Cotações
Medio;17/02/2025;Cotações
Medio;18/02/2025;Cotações
Medio;19/02/2025;Cotações
Medio;20/02/2025;Cotações
Medio;21/02/2025;Cotações
Medio;24/02/2025;Cotações
Medio;25/02/2025;Cotações
Medio;26/02/2025;Cotações
Medio;27/02/2025;Cotações
Medio;28/02/2025;Cotações
Medio;05/03/2025;Cotações
Medio;06/03/2025;Cotações
Medio;07/03/2025;Cotações
Medio;10/03/2025;Cotações
Medio;11/03/2025;Cotações
Medio;12/03/2025;Cotações
Medio;13/03/2025;Cotações
Medio;14/03/2025;Cotações
Medio;17/03/2025;Cotações
Medio;18/03/2025;Cotações
Medio;19/03/2025;Cotações
Medio;20/03/2025;Cotações
Medio;21/03/2025;Cotações
Medio;24/03/2025;Cotações
Medio;25/03/2025;Cotações
Medio;26/03/2025;Cotações
Medio;27/03/2025;Cotações
Medio;28/03/2025;Cotações
Medio;31/03/2025;Cotações
Medio;01/04/2025;Cotações
Medio;02/04/2025;Cotações
Medio;03/04/2025;Cotações
Medio;04/04/2025;Cotações
Medio;07/04/2025;Cotações
Medio;08/04/2025;Cotações
Medio;09/04/2025;Cotações
Medio;10/04/2025;Cotações
Medio;11/04/2025;Cotações
Medio;14/04/2025;Cotações
Medio;15/04/2025;Cotações
Medio;16/04/2025;Cotações
Medio;17/04/2025;Cotações
Medio;22/04/2025;Cotações
Medio;23/04/2025;Cotações
Medio;24/04/2025;Cotações
Medio;25/04/2025;Cotações
Medio;28/04/2025;Cotações
Medio;29/04/2025;Cotações
Medio;30/04/2025;Cotações
Medio;02/05/2025;Cotações
Medio;05/05/2025;Cotações
Medio;06/05/2025;Cotações
Medio;07/05/2025;Cotações
Medio;08/05/2025;Cotações
Medio;09/05/2025;Cotações
Medio;12/05/2025;Cotações
Medio;13/05/2025;Cotações
Medio;14/05/2025;Cotações
Medio;15/05/2025;Cotações
Medio;16/05/2025;Cotações
Medio;19/05/2025;Cotações
Medio;20/05/2025;Cotações
Medio;21/05/2025;Cotações
Medio;22/05/2025;Cotações
Medio;23/05/2025;Cotações
Medio;26/05/2025;Cotações
Medio;27/05/2025;Cotações
Medio;28/05/2025;Cotações
Medio;29/05/2025;Cotações
Medio;30/05/2025;Cotações
Medio;02/06/2025;Cotações
Medio;03/06/2025;Cotações
Medio;04/06/2025;Cotações
Medio;05/06/2025;Cotações
Medio;06/06/2025;Cotações
Medio;09/06/2025;Cotações
Medio;10/06/2025;Cotações
Medio;11/06/2025;Cotações
Medio;12/06/2025;Cotações
Medio;13/06/2025;Cotações
Medio;16/06/2025;Cotações
Medio;17/06/2025;Cotações
Medio;18/06/2025;Cotações
Medio;20/06/2025;Cotações
Medio;23/06/2025;Cotações
Medio;24/06/2025;Cotações
Medio;25/06/2025;Cotações
Medio;26/06/2025;Cotações
Medio;27/06/2025;Cotações
Medio;30/06/2025;Cotações
Medio;01/07/2025;Cotações
Medio;02/07/2025;Cotações
Medio;03/07/2025;Cotações
Medio;04/07/2025;Cotações
Medio;07/07/2025;Cotações
Medio;08/07/2025;Cotações
Medio;09/07/2025;Cotações
Medio;10/07/2025;Cotações
Medio;11/07/2025;Cotações
Medio;14/07/2025;Cotações
Medio;15/07/2025;Cotações
Medio;16/07/2025;Cotações
Medio;17/07/2025;Cotações
Medio;18/07/2025;Cotações
Medio;21/07/2025;Cotações
Medio;22/07/2025;Cotações
Medio;23/07/2025;Cotações
Medio;24/07/2025;Cotações
Medio;25/07/2025;Cotações
Medio;28/07/2025;Cotações
Medio;29/07/2025;Cotações
Medio;30/07/2025;Cotações
Medio;31/07/2025;Cotações
Medio;01/08/2025;Cotações
Medio;04/08/2025;Cotações
Medio;05/08/2025;Cotações
Medio;06/08/2025;Cotações
Medio;07/08/2025;Cotações
Medio;08/08/2025;Cotações
Medio;11/08/2025;Cotações
Medio;12/08/2025;Cotações
Medio;13/08/2025;Cotações
Medio;14/08/2025;Cotações
Medio;15/08/2025;Cotações
Medio;18/08/2025;Cotações
Medio;19/08/2025;Cotações
Medio;20/08/2025;Cotações
Medio;21/08/2025;Cotações
Medio;22/08/2025;Cotações
Medio;25/08/2025;Cotações
Medio;26/08/2025;Cotações
Medio;27/08/2025;Cotações
Medio;28/08/2025;Cotações
Medio;29/08/2025;Cotações
Medio;01/09/2025;Cotações
Medio;02/09/2025;Cotações
Medio;03/09/2025;Cotações
Medio;04/09/2025;Cotações
Medio;05/09/2025;Cotações
Medio;08/09/2025;Cotações
Medio;09/09/2025;Cotações
Medio;10/09/2025;Cotações
Medio;11/09/2025;Cotações
Medio;12/09/2025;Cotações
Medio;15/09/2025;Cotações
Medio;16/09/2025;Cotações
Medio;17/09/2025;Cotações
Medio;18/09/2025;Cotações
Medio;19/09/2025;Cotações
Medio;22/09/2025;Cotações
Medio;23/09/2025;Cotações
Medio;24/09/2025;Cotações
Medio;25/09/2025;Cotações
Medio;26/09/2025;Cotações
Medio;29/09/2025;Cotações
Medio;30/09/2025;Cotações
Medio;01/10/2025;Cotações
Medio;02/10/2025;Cotações
Medio;03/10/2025;Cotações
Medio;06/10/2025;Cotações
Medio;07/10/2025;Cotações
Medio;08/10/2025;Cotações
Medio;09/10/2025;Cotações
Medio;10/10/2025;Cotações
Medio;13/10/2025;Cotações
Medio;14/10/2025;Cotações
Medio;15/10/2025;Cotações
Medio;16/10/2025;Cotações
Medio;17/10/2025;Cotações
Medio;20/10/2025;Cotações
Medio;21/10/2025;Cotações
Medio;22/10/2025;Cotações
Medio;23/10/2025;Cotações
Medio;24/10/2025;Cotações
Medio;27/10/2025;Cotações
Medio;28/10/2025;Cotações
Medio;29/10/2025;Cotações
Medio;30/10/2025;Cotações
Medio;31/10/2025;Cotações
Medio;03/11/2025;Cotações
Medio;04/11/2025;Cotações
Medio;05/11/2025;Cotações
Medio;06/11/2025;Cotações
Medio;07/11/2025;Cotações
Medio;10/11/2025;Cotações
Medio;11/11/2025;Cotações
Medio;12/11/2025;Cotações
Medio;13/11/2025;Cotações
Medio;14/11/2025;Cotações
Medio;17/11/2025;Cotações
Medio;18/11/2025;Cotações
Medio;19/11/2025;Cotações
Medio;21/11/2025;Cotações
Medio;24/11/2025;Cotações
Medio;25/11/2025;Cotações
Medio;26/11/2025;Cotações
Medio;27/11/2025;Cotações
Medio;28/11/2025;Cotações
Medio;01/12/2025;Cotações
Medio;02/12/2025;Cotações
Medio;03/12/2025;Cotações
Medio;04/12/2025;Cotações
Medio;05/12/2025;Cotações
Medio;08/12/2025;Cotações
Medio;09/12/2025;Cotações
Medio;10/12/2025;Cotações
Medio;11/12/2025;Cotações
Medio;12/12/2025;Cotações
Medio;15/12/2025;Cotações
Medio;16/12/2025;Cotações
Medio;17/12/2025;Cotações
Medio;18/12/2025;Cotações
Medio;19/12/2025;Cotações
Medio;22/12/2025;Cotações
Medio;23/12/2025;Cotações
Medio;26/12/2025;Cotações
Medio;29/12/2025;Cotações
Medio;30/12/2025;Cotações
Medio;02/01/2026;Cotações
Medio;05/01/2026;Cotações
Medio;06/01/2026;Cotações
Medio;07/01/2026;Cotações
Medio;08/01/2026;Cotações
Medio;09/01/2026;Cotações
Medio;12/01/2026;Cotações
Medio;13/01/2026;Cotações
Medio;14/01/2026;Cotações
Medio;15/01/2026;Cotações
Medio;16/01/2026;Cotações
Medio;19/01/2026;Cotações
Medio;20/01/2026;Cotações
Medio;21/01/2026;Cotações
Medio;22/01/2026;Cotações
Medio;23/01/2026;Cotações
Medio;26/01/2026;Cotações
Medio;27/01/2026;Cotações
Medio;28/01/2026;Cotações
Medio;29/01/2026;Cotações
Medio;30/01/2026;Cotações
Medio;02/02/2026;Cotações
Medio;03/02/2026;Cotações
Medio;04/02/2026;Cotações
Medio;05/02/2026;Cotações
Medio;06/02/2026;Cotações
Medio;09/02/2026;Cotações
Medio;10/02/2026;Cotações
Medio;11/02/2026;Cotações
Medio;12/02/2026;Cotações
Medio;13/02/2026;Cotações
Medio;18/02/2026;Cotações
Medio;19/02/2026;Cotações
Medio;20/02/2026;Cotações
Medio;23/02/2026;Cotações
Medio;24/02/2026;Cotações
Medio;25/02/2026;Cotações
Medio;26/02/2026;Cotações
Medio;27/02/2026;Cotações
Medio;02/03/2026;Cotações
Medio;03/03/2026;Cotações
Medio;04/03/2026;Cotações
Medio;05/03/2026;Cotações
Medio;06/03/2026;Cotações
Medio;09/03/2026;Cotações
Medio;10/03/2026;Cotações
Medio;11/03/2026;Cotações
Medio;12/03/2026;Cotações
Medio;13/03/2026;Cotações
Medio;16/03/2026;Cotações
Medio;17/03/2026;Cotações
Medio;18/03/2026;Cotações
Medio;19/03/2026;Cotações
Medio;20/03/2026;Cotações
Medio;23/03/2026;Cotações
Medio;24/03/2026;Cotações
Medio;25/03/2026;Cotações
Medio;26/03/2026;Cotações
Medio;27/03/2026;Cotações
Medio;30/03/2026;Cotações
Medio;31/03/2026;Cotações
Medio;01/04/2026;Cotações
Medio;02/04/2026;Cotações
Medio;06/04/2026;Cotações
Medio;07/04/2026;Cotações
Medio;08/04/2026;Cotações
Medio;09/04/2026;Cotações
Medio;10/04/2026;Cotações
Medio;13/04/2026;Cotações
Medio;14/04/2026;Cotações
Medio;15/04/2026;Cotações
Medio;16/04/2026;Cotações
Medio;17/04/2026;Cotações
Medio;20/04/2026;Cotações
Medio;22/04/2026;Cotações
Medio;23/04/2026;Cotações
Medio;24/04/2026;Cotações
Medio;27/04/2026;Cotações
Medio;28/04/2026;Cotações
Medio;29/04/2026;Cotações
Medio;30/04/2026;Cotações
Medio;04/05/2026;Cotações
Medio;05/05/2026;Cotações
Medio;06/05/2026;Cotações
Medio;07/05/2026;Cotações
Medio;08/05/2026;Cotações
Medio;11/05/2026;Cotações
Medio;12/05/2026;Cotações
Medio;13/05/2026;Cotações
Medio;14/05/2026;Cotações
Medio;15/05/2026;Cotações
Medio;18/05/2026;Cotações
Medio;19/05/2026;Cotações
Medio;20/05/2026;Cotações
Medio;21/05/2026;Cotações
Medio;22/05/2026;Cotações
Medio;25/05/2026;Cotações
Medio;26/05/2026;Cotações
Medio;27/05/2026;Cotações
Medio;28/05/2026;Cotações
Medio;29/05/2026;Cotações
Medio;01/06/2026;Cotações
Medio;02/06/2026;Cotações
Medio;03/06/2026;Cotações
Medio;05/06/2026;Cotações
Medio;08/06/2026;Cotações
Medio;09/06/2026;Cotações
Medio;10/06/2026;Cotações
Medio;11/06/2026;Cotações
Medio;12/06/2026;Cotações
Medio;15/06/2026;Cotações
Medio;16/06/2026;Cotações
Medio;17/06/2026;Cotações
Medio;18/06/2026;Cotações
Medio;19/06/2026;Cotações
Medio;22/06/2026;Cotações
Medio;23/06/2026;Cotações
Medio;24/06/2026;Cotações
Medio;25/06/2026;Cotações
Medio;26/06/2026;Cotações
Medio;29/06/2026;Cotações
Medio;30/06/2026;Cotações
Medio;01/07/2026;Cotações
Medio;02/07/2026;Cotações
Medio;03/07/2026;Cotações
Medio;06/07/2026;Cotações
Medio;07/07/2026;Cotações
Medio;08/07/2026;Cotações
Medio;09/07/2026;Cotações
Medio;10/07/2026;Cotações
Medio;13/07/2026;Cotações
Medio;14/07/2026;Cotações
Medio;15/07/2026;Cotações
Medio;16/07/2026;Cotações
Medio;17/07/2026;Cotações
Medio;20/07/2026;Cotações
Medio;21/07/2026;Cotações
Medio;22/07/2026;Cotações
Medio;23/07/2026;Cotações
Medio;24/07/2026;Cotações
Medio;27/07/2026;Cotações
Medio;28/07/2026;Cotações
Medio;29/07/2026;Cotações
Medio;30/07/2026;Cotações
Medio;31/07/2026;Cotações
Medio;03/08/2026;Cotações
Medio;04/08/2026;Cotações
Medio;05/08/2026;Cotações
Medio;06/08/2026;Cotações
Medio;07/08/2026;Cotações
Medio;10/08/2026;Cotações
Medio;11/08/2026;Cotações
Medio;12/08/2026;Cotações
Medio;13/08/2026;Cotações
Medio;14/08/2026;Cotações
Medio;17/08/2026;Cotações
Medio;18/08/2026;Cotações
Medio;19/08/2026;Cotações
Medio;20/08/2026;Cotações
Medio;21/08/2026;Cotações
Medio;24/08/2026;Cotações
Medio;25/08/2026;Cotações
Medio;26/08/2026;Cotações
Medio;27/08/2026;Cotações
Medio;28/08/2026;Cotações
Medio;31/08/2026;Cotações
Medio;01/09/2026;Cotações
Medio;02/09/2026;Cotações
Medio;03/09/2026;Cotações
Medio;04/09/2026;Cotações
Medio;08/09/2026;Cotações
Medio;09/09/2026;Cotações
Medio;10/09/2026;Cotações
Medio;11/09/2026;Cotações
Medio;14/09/2026;Cotações
Medio;15/09/2026;Cotações
Medio;16/09/2026;Cotações
Medio;17/09/2026;Cotações
Medio;18/09/2026;Cotações
Medio;21/09/2026;Cotações
Medio;22/09/2026;Cotações
Medio;23/09/2026;Cotações
Medio;24/09/2026;Cotações
Medio;25/09/2026;Cotações
Variacao_Pct;02/01/2018;Cotações
Variacao_Pct;03/01/2018;Cotações
Variacao_Pct;04/01/2018;Cotações
Variacao_Pct;05/01/2018;Cotações
Variacao_Pct;08/01/2018;Cotações
Variacao_Pct;09/01/2018;Cotações
Variacao_Pct;10/01/2018;Cotações
Variacao_Pct;11/01/2018;Cotações
Variacao_Pct;12/01/2018;Cotações
Variacao_Pct;15/01/2018;Cotações
Variacao_Pct;16/01/2018;Cotações
Variacao_Pct;17/01/2018;Cotações
Variacao_Pct;18/01/2018;Cotações
Variacao_Pct;19/01/2018;Cotações
Variacao_Pct;22/01/2018;Cotações
Variacao_Pct;23/01/2018;Cotações
Variacao_Pct;24/01/2018;Cotações
Variacao_Pct;26/01/2018;Cotações
Variacao_Pct;29/01/2018;Cotações
Variacao_Pct;30/01/2018;Cotações
Variacao_Pct;31/01/2018;Cotações
Variacao_Pct;01/02/2018;Cotações
Variacao_Pct;02/02/2018;Cotações
Variacao_Pct;05/02/2018;Cotações
Variacao_Pct;06/02/2018;Cotações
Variacao_Pct;07/02/2018;Cotações
Variacao_Pct;08/02/2018;Cotações
Variacao_Pct;09/02/2018;Cotações
Variacao_Pct;14/02/2018;Cotações
Variacao_Pct;15/02/2018;Cotações
Variacao_Pct;16/02/2018;Cotações
Variacao_Pct;19/02/2018;Cotações
Variacao_Pct;20/02/2018;Cotações
Variacao_Pct;21/02/2018;Cotações
Variacao_Pct;22/02/2018;Cotações
Variacao_Pct;23/02/2018;Cotações
Variacao_Pct;26/02/2018;Cotações
Variacao_Pct;27/02/2018;Cotações
Variacao_Pct;28/02/2018;Cotações
Variacao_Pct;01/03/2018;Cotações
Variacao_Pct;02/03/2018;Cotações
Variacao_Pct;05/03/2018;Cotações
Variacao_Pct;06/03/2018;Cotações
Variacao_Pct;07/03/2018;Cotações
Variacao_Pct;08/03/2018;Cotações
Variacao_Pct;09/03/2018;Cotações
Variacao_Pct;12/03/2018;Cotações
Variacao_Pct;13/03/2018;Cotações
Variacao_Pct;14/03/2018;Cotações
Variacao_Pct;15/03/2018;Cotações
Variacao_Pct;16/03/2018;Cotações
Variacao_Pct;19/03/2018;Cotações
Variacao_Pct;20/03/2018;Cotações
Variacao_Pct;21/03/2018;Cotações
Variacao_Pct;22/03/2018;Cotações
Variacao_Pct;23/03/2018;Cotações
Variacao_Pct;26/03/2018;Cotações
Variacao_Pct;27/03/2018;Cotações
Variacao_Pct;28/03/2018;Cotações
Variacao_Pct;29/03/2018;Cotações
Variacao_Pct;02/04/2018;Cotações
Variacao_Pct;03/04/2018;Cotações
Variacao_Pct;04/04/2018;Cotações
Variacao_Pct;05/04/2018;Cotações
Variacao_Pct;06/04/2018;Cotações
Variacao_Pct;09/04/2018;Cotações
Variacao_Pct;10/04/2018;Cotações
Variacao_Pct;11/04/2018;Cotações
Variacao_Pct;12/04/2018;Cotações
Variacao_Pct;13/04/2018;Cotações
Variacao_Pct;16/04/2018;Cotações
Variacao_Pct;17/04/2018;Cotações
Variacao_Pct;18/04/2018;Cotações
Variacao_Pct;19/04/2018;Cotações
Variacao_Pct;20/04/2018;Cotações
Variacao_Pct;23/04/2018;Cotações
Variacao_Pct;24/04/2018;Cotações
Variacao_Pct;25/04/2018;Cotações
Variacao_Pct;26/04/2018;Cotações
Variacao_Pct;27/04/2018;Cotações
Variacao_Pct;30/04/2018;Cotações
Variacao_Pct;02/05/2018;Cotações
Variacao_Pct;03/05/2018;Cotações
Variacao_Pct;04/05/2018;Cotações
Variacao_Pct;07/05/2018;Cotações
Variacao_Pct;08/05/2018;Cotações
Variacao_Pct;09/05/2018;Cotações
Variacao_Pct;10/05/2018;Cotações
Variacao_Pct;11/05/2018;Cotações
Variacao_Pct;14/05/2018;Cotações
Variacao_Pct;15/05/2018;Cotações
Variacao_Pct;16/05/2018;Cotações
Variacao_Pct;17/05/2018;Cotações
Variacao_Pct;18/05/2018;Cotações
Variacao_Pct;21/05/2018;Cotações
Variacao_Pct;22/05/2018;Cotações
Variacao_Pct;23/05/2018;Cotações
Variacao_Pct;24/05/2018;Cotações
Variacao_Pct;25/05/2018;Cotações
Variacao_Pct;28/05/2018;Cotações
Variacao_Pct;29/05/2018;Cotações
Variacao_Pct;30/05/2018;Cotações
Variacao_Pct;01/06/2018;Cotações
Variacao_Pct;04/06/2018;Cotações
Variacao_Pct;05/06/2018;Cotações
Variacao_Pct;06/06/2018;Cotações
Variacao_Pct;07/06/2018;Cotações
Variacao_Pct;08/06/2018;Cotações
Variacao_Pct;11/06/2018;Cotações
Variacao_Pct;12/06/2018;Cotações
Variacao_Pct;13/06/2018;Cotações
Variacao_Pct;14/06/2018;Cotações
Variacao_Pct;15/06/2018;Cotações
Variacao_Pct;18/06/2018;Cotações
Variacao_Pct;19/06/2018;Cotações
Variacao_Pct;20/06/2018;Cotações
Variacao_Pct;21/06/2018;Cotações
Variacao_Pct;22/06/2018;Cotações
Variacao_Pct;25/06/2018;Cotações
Variacao_Pct;26/06/2018;Cotações
Variacao_Pct;27/06/2018;Cotações
Variacao_Pct;28/06/2018;Cotações
Variacao_Pct;29/06/2018;Cotações
Variacao_Pct;02/07/2018;Cotações
Variacao_Pct;03/07/2018;Cotações
Variacao_Pct;04/07/2018;Cotações
Variacao_Pct;05/07/2018;Cotações
Variacao_Pct;06/07/2018;Cotações
Variacao_Pct;10/07/2018;Cotações
Variacao_Pct;11/07/2018;Cotações
Variacao_Pct;12/07/2018;Cotações
Variacao_Pct;13/07/2018;Cotações
Variacao_Pct;16/07/2018;Cotações
Variacao_Pct;17/07/2018;Cotações
Variacao_Pct;18/07/2018;Cotações
Variacao_Pct;19/07/2018;Cotações
Variacao_Pct;20/07/2018;Cotações
Variacao_Pct;23/07/2018;Cotações
Variacao_Pct;24/07/2018;Cotações
Variacao_Pct;25/07/2018;Cotações
Variacao_Pct;26/07/2018;Cotações
Variacao_Pct;27/07/2018;Cotações
Variacao_Pct;30/07/2018;Cotações
Variacao_Pct;31/07/2018;Cotações
Variacao_Pct;01/08/2018;Cotações
Variacao_Pct;02/08/2018;Cotações
Variacao_Pct;03/08/2018;Cotações
Variacao_Pct;06/08/2018;Cotações
Variacao_Pct;07/08/2018;Cotações
Variacao_Pct;08/08/2018;Cotações
Variacao_Pct;09/08/2018;Cotações
Variacao_Pct;10/08/2018;Cotações
Variacao_Pct;13/08/2018;Cotações
Variacao_Pct;14/08/2018;Cotações
Variacao_Pct;15/08/2018;Cotações
Variacao_Pct;16/08/2018;Cotações
Variacao_Pct;17/08/2018;Cotações
Variacao_Pct;20/08/2018;Cotações
Variacao_Pct;21/08/2018;Cotações
Variacao_Pct;22/08/2018;Cotações
Variacao_Pct;23/08/2018;Cotações
Variacao_Pct;24/08/2018;Cotações
Variacao_Pct;27/08/2018;Cotações
Variacao_Pct;28/08/2018;Cotações
Variacao_Pct;29/08/2018;Cotações
Variacao_Pct;30/08/2018;Cotações
Variacao_Pct;31/08/2018;Cotações
Variacao_Pct;03/09/2018;Cotações
Variacao_Pct;04/09/2018;Cotações
Variacao_Pct;05/09/2018;Cotações
Variacao_Pct;06/09/2018;Cotações
Variacao_Pct;10/09/2018;Cotações
Variacao_Pct;11/09/2018;Cotações
Variacao_Pct;12/09/2018;Cotações
Variacao_Pct;13/09/2018;Cotações
Variacao_Pct;14/09/2018;Cotações
Variacao_Pct;17/09/2018;Cotações
Variacao_Pct;18/09/2018;Cotações
Variacao_Pct;19/09/2018;Cotações
Variacao_Pct;20/09/2018;Cotações
Variacao_Pct;21/09/2018;Cotações
Variacao_Pct;24/09/2018;Cotações
Variacao_Pct;25/09/2018;Cotações
Variacao_Pct;26/09/2018;Cotações
Variacao_Pct;27/09/2018;Cotações
Variacao_Pct;28/09/2018;Cotações
Variacao_Pct;01/10/2018;Cotações
Variacao_Pct;02/10/2018;Cotações
Variacao_Pct;03/10/2018;Cotações
Variacao_Pct;04/10/2018;Cotações
Variacao_Pct;05/10/2018;Cotações
Variacao_Pct;08/10/2018;Cotações
Variacao_Pct;09/10/2018;Cotações
Variacao_Pct;10/10/2018;Cotações
Variacao_Pct;11/10/2018;Cotações
Variacao_Pct;15/10/2018;Cotações
Variacao_Pct;16/10/2018;Cotações
Variacao_Pct;17/10/2018;Cotações
Variacao_Pct;18/10/2018;Cotações
Variacao_Pct;19/10/2018;Cotações
Variacao_Pct;22/10/2018;Cotações
Variacao_Pct;23/10/2018;Cotações
Variacao_Pct;24/10/2018;Cotações
Variacao_Pct;25/10/2018;Cotações
Variacao_Pct;26/10/2018;Cotações
Variacao_Pct;29/10/2018;Cotações
Variacao_Pct;30/10/2018;Cotações
Variacao_Pct;31/10/2018;Cotações
Variacao_Pct;01/11/2018;Cotações
Variacao_Pct;05/11/2018;Cotações
Variacao_Pct;06/11/2018;Cotações
Variacao_Pct;07/11/2018;Cotações
Variacao_Pct;08/11/2018;Cotações
Variacao_Pct;09/11/2018;Cotações
Variacao_Pct;12/11/2018;Cotações
Variacao_Pct;13/11/2018;Cotações
Variacao_Pct;14/11/2018;Cotações
Variacao_Pct;16/11/2018;Cotações
Variacao_Pct;19/11/2018;Cotações
Variacao_Pct;21/11/2018;Cotações
Variacao_Pct;22/11/2018;Cotações
Variacao_Pct;23/11/2018;Cotações
Variacao_Pct;26/11/2018;Cotações
Variacao_Pct;27/11/2018;Cotações
Variacao_Pct;28/11/2018;Cotações
Variacao_Pct;29/11/2018;Cotações
Variacao_Pct;30/11/2018;Cotações
Variacao_Pct;03/12/2018;Cotações
Variacao_Pct;04/12/2018;Cotações
Variacao_Pct;05/12/2018;Cotações
Variacao_Pct;06/12/2018;Cotações
Variacao_Pct;07/12/2018;Cotações
Variacao_Pct;10/12/2018;Cotações
Variacao_Pct;11/12/2018;Cotações
Variacao_Pct;12/12/2018;Cotações
Variacao_Pct;13/12/2018;Cotações
Variacao_Pct;14/12/2018;Cotações
Variacao_Pct;17/12/2018;Cotações
Variacao_Pct;18/12/2018;Cotações
Variacao_Pct;19/12/2018;Cotações
Variacao_Pct;20/12/2018;Cotações
Variacao_Pct;21/12/2018;Cotações
Variacao_Pct;26/12/2018;Cotações
Variacao_Pct;27/12/2018;Cotações
Variacao_Pct;28/12/2018;Cotações
Variacao_Pct;02/01/2019;Cotações
Variacao_Pct;03/01/2019;Cotações
Variacao_Pct;04/01/2019;Cotações
Variacao_Pct;07/01/2019;Cotações
Variacao_Pct;08/01/2019;Cotações
Variacao_Pct;09/01/2019;Cotações
Variacao_Pct;10/01/2019;Cotações
Variacao_Pct;11/01/2019;Cotações
Variacao_Pct;14/01/2019;Cotações
Variacao_Pct;15/01/2019;Cotações
Variacao_Pct;16/01/2019;Cotações
Variacao_Pct;17/01/2019;Cotações
Variacao_Pct;18/01/2019;Cotações
Variacao_Pct;21/01/2019;Cotações
Variacao_Pct;22/01/2019;Cotações
Variacao_Pct;23/01/2019;Cotações
Variacao_Pct;24/01/2019;Cotações
Variacao_Pct;28/01/2019;Cotações
Variacao_Pct;29/01/2019;Cotações
Variacao_Pct;30/01/2019;Cotações
Variacao_Pct;31/01/2019;Cotações
Variacao_Pct;01/02/2019;Cotações
Variacao_Pct;04/02/2019;Cotações
Variacao_Pct;05/02/2019;Cotações
Variacao_Pct;06/02/2019;Cotações
Variacao_Pct;07/02/2019;Cotações
Variacao_Pct;08/02/2019;Cotações
Variacao_Pct;11/02/2019;Cotações
Variacao_Pct;12/02/2019;Cotações
Variacao_Pct;13/02/2019;Cotações
Variacao_Pct;14/02/2019;Cotações
Variacao_Pct;15/02/2019;Cotações
Variacao_Pct;18/02/2019;Cotações
Variacao_Pct;19/02/2019;Cotações
Variacao_Pct;20/02/2019;Cotações
Variacao_Pct;21/02/2019;Cotações
Variacao_Pct;22/02/2019;Cotações
Variacao_Pct;25/02/2019;Cotações
Variacao_Pct;26/02/2019;Cotações
Variacao_Pct;27/02/2019;Cotações
Variacao_Pct;28/02/2019;Cotações
Variacao_Pct;01/03/2019;Cotações
Variacao_Pct;06/03/2019;Cotações
Variacao_Pct;07/03/2019;Cotações
Variacao_Pct;08/03/2019;Cotações
Variacao_Pct;11/03/2019;Cotações
Variacao_Pct;12/03/2019;Cotações
Variacao_Pct;13/03/2019;Cotações
Variacao_Pct;14/03/2019;Cotações
Variacao_Pct;15/03/2019;Cotações
Variacao_Pct;18/03/2019;Cotações
Variacao_Pct;19/03/2019;Cotações
Variacao_Pct;20/03/2019;Cotações
Variacao_Pct;21/03/2019;Cotações
Variacao_Pct;22/03/2019;Cotações
Variacao_Pct;25/03/2019;Cotações
Variacao_Pct;26/03/2019;Cotações
Variacao_Pct;27/03/2019;Cotações
Variacao_Pct;28/03/2019;Cotações
Variacao_Pct;29/03/2019;Cotações
Variacao_Pct;01/04/2019;Cotações
Variacao_Pct;02/04/2019;Cotações
Variacao_Pct;03/04/2019;Cotações
Variacao_Pct;04/04/2019;Cotações
Variacao_Pct;05/04/2019;Cotações
Variacao_Pct;08/04/2019;Cotações
Variacao_Pct;09/04/2019;Cotações
Variacao_Pct;10/04/2019;Cotações
Variacao_Pct;11/04/2019;Cotações
Variacao_Pct;12/04/2019;Cotações
Variacao_Pct;15/04/2019;Cotações
Variacao_Pct;16/04/2019;Cotações
Variacao_Pct;17/04/2019;Cotações
Variacao_Pct;18/04/2019;Cotações
Variacao_Pct;22/04/2019;Cotações
Variacao_Pct;23/04/2019;Cotações
Variacao_Pct;24/04/2019;Cotações
Variacao_Pct;25/04/2019;Cotações
Variacao_Pct;26/04/2019;Cotações
Variacao_Pct;29/04/2019;Cotações
Variacao_Pct;30/04/2019;Cotações
Variacao_Pct;02/05/2019;Cotações
Variacao_Pct;03/05/2019;Cotações
Variacao_Pct;06/05/2019;Cotações
Variacao_Pct;07/05/2019;Cotações
Variacao_Pct;08/05/2019;Cotações
Variacao_Pct;09/05/2019;Cotações
Variacao_Pct;10/05/2019;Cotações
Variacao_Pct;13/05/2019;Cotações
Variacao_Pct;14/05/2019;Cotações
Variacao_Pct;15/05/2019;Cotações
Variacao_Pct;16/05/2019;Cotações
Variacao_Pct;17/05/2019;Cotações
Variacao_Pct;20/05/2019;Cotações
Variacao_Pct;21/05/2019;Cotações
Variacao_Pct;22/05/2019;Cotações
Variacao_Pct;23/05/2019;Cotações
Variacao_Pct;24/05/2019;Cotações
Variacao_Pct;27/05/2019;Cotações
Variacao_Pct;28/05/2019;Cotações
Variacao_Pct;29/05/2019;Cotações
Variacao_Pct;30/05/2019;Cotações
Variacao_Pct;31/05/2019;Cotações
Variacao_Pct;03/06/2019;Cotações
Variacao_Pct;04/06/2019;Cotações
Variacao_Pct;05/06/2019;Cotações
Variacao_Pct;06/06/2019;Cotações
Variacao_Pct;07/06/2019;Cotações
Variacao_Pct;10/06/2019;Cotações
Variacao_Pct;11/06/2019;Cotações
Variacao_Pct;12/06/2019;Cotações
Variacao_Pct;13/06/2019;Cotações
Variacao_Pct;14/06/2019;Cotações
Variacao_Pct;17/06/2019;Cotações
Variacao_Pct;18/06/2019;Cotações
Variacao_Pct;19/06/2019;Cotações
Variacao_Pct;21/06/2019;Cotações
Variacao_Pct;24/06/2019;Cotações
Variacao_Pct;25/06/2019;Cotações
Variacao_Pct;26/06/2019;Cotações
Variacao_Pct;27/06/2019;Cotações
Variacao_Pct;28/06/2019;Cotações
Variacao_Pct;01/07/2019;Cotações
Variacao_Pct;02/07/2019;Cotações
Variacao_Pct;03/07/2019;Cotações
Variacao_Pct;04/07/2019;Cotações
Variacao_Pct;05/07/2019;Cotações
Variacao_Pct;08/07/2019;Cotações
Variacao_Pct;10/07/2019;Cotações
Variacao_Pct;11/07/2019;Cotações
Variacao_Pct;12/07/2019;Cotações
Variacao_Pct;15/07/2019;Cotações
Variacao_Pct;16/07/2019;Cotações
Variacao_Pct;17/07/2019;Cotações
Variacao_Pct;18/07/2019;Cotações
Variacao_Pct;19/07/2019;Cotações
Variacao_Pct;22/07/2019;Cotações
Variacao_Pct;23/07/2019;Cotações
Variacao_Pct;24/07/2019;Cotações
Variacao_Pct;25/07/2019;Cotações
Variacao_Pct;26/07/2019;Cotações
Variacao_Pct;29/07/2019;Cotações
Variacao_Pct;30/07/2019;Cotações
Variacao_Pct;31/07/2019;Cotações
Variacao_Pct;01/08/2019;Cotações
Variacao_Pct;02/08/2019;Cotações
Variacao_Pct;05/08/2019;Cotações
Variacao_Pct;06/08/2019;Cotações
Variacao_Pct;07/08/2019;Cotações
Variacao_Pct;08/08/2019;Cotações
Variacao_Pct;09/08/2019;Cotações
Variacao_Pct;12/08/2019;Cotações
Variacao_Pct;13/08/2019;Cotações
Variacao_Pct;14/08/2019;Cotações
Variacao_Pct;15/08/2019;Cotações
Variacao_Pct;16/08/2019;Cotações
Variacao_Pct;19/08/2019;Cotações
Variacao_Pct;20/08/2019;Cotações
Variacao_Pct;21/08/2019;Cotações
Variacao_Pct;22/08/2019;Cotações
Variacao_Pct;23/08/2019;Cotações
Variacao_Pct;26/08/2019;Cotações
Variacao_Pct;27/08/2019;Cotações
Variacao_Pct;28/08/2019;Cotações
Variacao_Pct;29/08/2019;Cotações
Variacao_Pct;30/08/2019;Cotações
Variacao_Pct;02/09/2019;Cotações
Variacao_Pct;03/09/2019;Cotações
Variacao_Pct;04/09/2019;Cotações
Variacao_Pct;05/09/2019;Cotações
Variacao_Pct;06/09/2019;Cotações
Variacao_Pct;09/09/2019;Cotações
Variacao_Pct;10/09/2019;Cotações
Variacao_Pct;11/09/2019;Cotações
Variacao_Pct;12/09/2019;Cotações
Variacao_Pct;13/09/2019;Cotações
Variacao_Pct;16/09/2019;Cotações
Variacao_Pct;17/09/2019;Cotações
Variacao_Pct;18/09/2019;Cotações
Variacao_Pct;19/09/2019;Cotações
Variacao_Pct;20/09/2019;Cotações
Variacao_Pct;23/09/2019;Cotações
Variacao_Pct;24/09/2019;Cotações
Variacao_Pct;25/09/2019;Cotações
Variacao_Pct;26/09/2019;Cotações
Variacao_Pct;27/09/2019;Cotações
Variacao_Pct;30/09/2019;Cotações
Variacao_Pct;01/10/2019;Cotações
Variacao_Pct;02/10/2019;Cotações
Variacao_Pct;03/10/2019;Cotações
Variacao_Pct;04/10/2019;Cotações
Variacao_Pct;07/10/2019;Cotações
Variacao_Pct;08/10/2019;Cotações
Variacao_Pct;09/10/2019;Cotações
Variacao_Pct;10/10/2019;Cotações
Variacao_Pct;11/10/2019;Cotações
Variacao_Pct;14/10/2019;Cotações
Variacao_Pct;15/10/2019;Cotações
Variacao_Pct;16/10/2019;Cotações
Variacao_Pct;17/10/2019;Cotações
Variacao_Pct;18/10/2019;Cotações
Variacao_Pct;21/10/2019;Cotações
Variacao_Pct;22/10/2019;Cotações
Variacao_Pct;23/10/2019;Cotações
Variacao_Pct;24/10/2019;Cotações
Variacao_Pct;25/10/2019;Cotações
Variacao_Pct;28/10/2019;Cotações
Variacao_Pct;29/10/2019;Cotações
Variacao_Pct;30/10/2019;Cotações
Variacao_Pct;31/10/2019;Cotações
Variacao_Pct;01/11/2019;Cotações
Variacao_Pct;04/11/2019;Cotações
Variacao_Pct;05/11/2019;Cotações
Variacao_Pct;06/11/2019;Cotações
Variacao_Pct;07/11/2019;Cotações
Variacao_Pct;08/11/2019;Cotações
Variacao_Pct;11/11/2019;Cotações
Variacao_Pct;12/11/2019;Cotações
Variacao_Pct;13/11/2019;Cotações
Variacao_Pct;14/11/2019;Cotações
Variacao_Pct;18/11/2019;Cotações
Variacao_Pct;19/11/2019;Cotações
Variacao_Pct;21/11/2019;Cotações
Variacao_Pct;22/11/2019;Cotações
Variacao_Pct;25/11/2019;Cotações
Variacao_Pct;26/11/2019;Cotações
Variacao_Pct;27/11/2019;Cotações
Variacao_Pct;28/11/2019;Cotações
Variacao_Pct;29/11/2019;Cotações
Variacao_Pct;02/12/2019;Cotações
Variacao_Pct;03/12/2019;Cotações
Variacao_Pct;04/12/2019;Cotações
Variacao_Pct;05/12/2019;Cotações
Variacao_Pct;06/12/2019;Cotações
Variacao_Pct;09/12/2019;Cotações
Variacao_Pct;10/12/2019;Cotações
Variacao_Pct;11/12/2019;Cotações
Variacao_Pct;12/12/2019;Cotações
Variacao_Pct;13/12/2019;Cotações
Variacao_Pct;16/12/2019;Cotações
Variacao_Pct;17/12/2019;Cotações
Variacao_Pct;18/12/2019;Cotações
Variacao_Pct;19/12/2019;Cotações
Variacao_Pct;20/12/2019;Cotações
Variacao_Pct;23/12/2019;Cotações
Variacao_Pct;26/12/2019;Cotações
Variacao_Pct;27/12/2019;Cotações
Variacao_Pct;30/12/2019;Cotações
Variacao_Pct;02/01/2020;Cotações
Variacao_Pct;03/01/2020;Cotações
Variacao_Pct;06/01/2020;Cotações
Variacao_Pct;07/01/2020;Cotações
Variacao_Pct;08/01/2020;Cotações
Variacao_Pct;09/01/2020;Cotações
Variacao_Pct;10/01/2020;Cotações
Variacao_Pct;13/01/2020;Cotações
Variacao_Pct;14/01/2020;Cotações
Variacao_Pct;15/01/2020;Cotações
Variacao_Pct;16/01/2020;Cotações
Variacao_Pct;17/01/2020;Cotações
Variacao_Pct;20/01/2020;Cotações
Variacao_Pct;21/01/2020;Cotações
Variacao_Pct;22/01/2020;Cotações
Variacao_Pct;23/01/2020;Cotações
Variacao_Pct;24/01/2020;Cotações
Variacao_Pct;27/01/2020;Cotações
Variacao_Pct;28/01/2020;Cotações
Variacao_Pct;29/01/2020;Cotações
Variacao_Pct;30/01/2020;Cotações
Variacao_Pct;31/01/2020;Cotações
Variacao_Pct;03/02/2020;Cotações
Variacao_Pct;04/02/2020;Cotações
Variacao_Pct;05/02/2020;Cotações
Variacao_Pct;06/02/2020;Cotações
Variacao_Pct;07/02/2020;Cotações
Variacao_Pct;10/02/2020;Cotações
Variacao_Pct;11/02/2020;Cotações
Variacao_Pct;12/02/2020;Cotações
Variacao_Pct;13/02/2020;Cotações
Variacao_Pct;14/02/2020;Cotações
Variacao_Pct;17/02/2020;Cotações
Variacao_Pct;18/02/2020;Cotações
Variacao_Pct;19/02/2020;Cotações
Variacao_Pct;20/02/2020;Cotações
Variacao_Pct;21/02/2020;Cotações
Variacao_Pct;26/02/2020;Cotações
Variacao_Pct;27/02/2020;Cotações
Variacao_Pct;28/02/2020;Cotações
Variacao_Pct;02/03/2020;Cotações
Variacao_Pct;03/03/2020;Cotações
Variacao_Pct;04/03/2020;Cotações
Variacao_Pct;05/03/2020;Cotações
Variacao_Pct;06/03/2020;Cotações
Variacao_Pct;09/03/2020;Cotações
Variacao_Pct;10/03/2020;Cotações
Variacao_Pct;11/03/2020;Cotações
Variacao_Pct;12/03/2020;Cotações
Variacao_Pct;13/03/2020;Cotações
Variacao_Pct;16/03/2020;Cotações
Variacao_Pct;17/03/2020;Cotações
Variacao_Pct;18/03/2020;Cotações
Variacao_Pct;19/03/2020;Cotações
Variacao_Pct;20/03/2020;Cotações
Variacao_Pct;23/03/2020;Cotações
Variacao_Pct;24/03/2020;Cotações
Variacao_Pct;25/03/2020;Cotações
Variacao_Pct;26/03/2020;Cotações
Variacao_Pct;27/03/2020;Cotações
Variacao_Pct;30/03/2020;Cotações
Variacao_Pct;31/03/2020;Cotações
Variacao_Pct;01/04/2020;Cotações
Variacao_Pct;02/04/2020;Cotações
Variacao_Pct;03/04/2020;Cotações
Variacao_Pct;06/04/2020;Cotações
Variacao_Pct;07/04/2020;Cotações
Variacao_Pct;08/04/2020;Cotações
Variacao_Pct;09/04/2020;Cotações
Variacao_Pct;13/04/2020;Cotações
Variacao_Pct;14/04/2020;Cotações
Variacao_Pct;15/04/2020;Cotações
Variacao_Pct;16/04/2020;Cotações
Variacao_Pct;17/04/2020;Cotações
Variacao_Pct;20/04/2020;Cotações
Variacao_Pct;22/04/2020;Cotações
Variacao_Pct;23/04/2020;Cotações
Variacao_Pct;24/04/2020;Cotações
Variacao_Pct;27/04/2020;Cotações
Variacao_Pct;28/04/2020;Cotações
Variacao_Pct;29/04/2020;Cotações
Variacao_Pct;30/04/2020;Cotações
Variacao_Pct;04/05/2020;Cotações
Variacao_Pct;05/05/2020;Cotações
Variacao_Pct;06/05/2020;Cotações
Variacao_Pct;07/05/2020;Cotações
Variacao_Pct;08/05/2020;Cotações
Variacao_Pct;11/05/2020;Cotações
Variacao_Pct;12/05/2020;Cotações
Variacao_Pct;13/05/2020;Cotações
Variacao_Pct;14/05/2020;Cotações
Variacao_Pct;15/05/2020;Cotações
Variacao_Pct;18/05/2020;Cotações
Variacao_Pct;19/05/2020;Cotações
Variacao_Pct;20/05/2020;Cotações
Variacao_Pct;21/05/2020;Cotações
Variacao_Pct;22/05/2020;Cotações
Variacao_Pct;25/05/2020;Cotações
Variacao_Pct;26/05/2020;Cotações
Variacao_Pct;27/05/2020;Cotações
Variacao_Pct;28/05/2020;Cotações
Variacao_Pct;29/05/2020;Cotações
Variacao_Pct;01/06/2020;Cotações
Variacao_Pct;02/06/2020;Cotações
Variacao_Pct;03/06/2020;Cotações
Variacao_Pct;04/06/2020;Cotações
Variacao_Pct;05/06/2020;Cotações
Variacao_Pct;08/06/2020;Cotações
Variacao_Pct;09/06/2020;Cotações
Variacao_Pct;10/06/2020;Cotações
Variacao_Pct;12/06/2020;Cotações
Variacao_Pct;15/06/2020;Cotações
Variacao_Pct;16/06/2020;Cotações
Variacao_Pct;17/06/2020;Cotações
Variacao_Pct;18/06/2020;Cotações
Variacao_Pct;19/06/2020;Cotações
Variacao_Pct;22/06/2020;Cotações
Variacao_Pct;23/06/2020;Cotações
Variacao_Pct;24/06/2020;Cotações
Variacao_Pct;25/06/2020;Cotações
Variacao_Pct;26/06/2020;Cotações
Variacao_Pct;29/06/2020;Cotações
Variacao_Pct;30/06/2020;Cotações
Variacao_Pct;01/07/2020;Cotações
Variacao_Pct;02/07/2020;Cotações
Variacao_Pct;03/07/2020;Cotações
Variacao_Pct;06/07/2020;Cotações
Variacao_Pct;07/07/2020;Cotações
Variacao_Pct;08/07/2020;Cotações
Variacao_Pct;09/07/2020;Cotações
Variacao_Pct;10/07/2020;Cotações
Variacao_Pct;13/07/2020;Cotações
Variacao_Pct;14/07/2020;Cotações
Variacao_Pct;15/07/2020;Cotações
Variacao_Pct;16/07/2020;Cotações
Variacao_Pct;17/07/2020;Cotações
Variacao_Pct;20/07/2020;Cotações
Variacao_Pct;21/07/2020;Cotações
Variacao_Pct;22/07/2020;Cotações
Variacao_Pct;23/07/2020;Cotações
Variacao_Pct;24/07/2020;Cotações
Variacao_Pct;27/07/2020;Cotações
Variacao_Pct;28/07/2020;Cotações
Variacao_Pct;29/07/2020;Cotações
Variacao_Pct;30/07/2020;Cotações
Variacao_Pct;31/07/2020;Cotações
Variacao_Pct;03/08/2020;Cotações
Variacao_Pct;04/08/2020;Cotações
Variacao_Pct;05/08/2020;Cotações
Variacao_Pct;06/08/2020;Cotações
Variacao_Pct;07/08/2020;Cotações
Variacao_Pct;10/08/2020;Cotações
Variacao_Pct;11/08/2020;Cotações
Variacao_Pct;12/08/2020;Cotações
Variacao_Pct;13/08/2020;Cotações
Variacao_Pct;14/08/2020;Cotações
Variacao_Pct;17/08/2020;Cotações
Variacao_Pct;18/08/2020;Cotações
Variacao_Pct;19/08/2020;Cotações
Variacao_Pct;20/08/2020;Cotações
Variacao_Pct;21/08/2020;Cotações
Variacao_Pct;24/08/2020;Cotações
Variacao_Pct;25/08/2020;Cotações
Variacao_Pct;26/08/2020;Cotações
Variacao_Pct;27/08/2020;Cotações
Variacao_Pct;28/08/2020;Cotações
Variacao_Pct;31/08/2020;Cotações
Variacao_Pct;01/09/2020;Cotações
Variacao_Pct;02/09/2020;Cotações
Variacao_Pct;03/09/2020;Cotações
Variacao_Pct;04/09/2020;Cotações
Variacao_Pct;08/09/2020;Cotações
Variacao_Pct;09/09/2020;Cotações
Variacao_Pct;10/09/2020;Cotações
Variacao_Pct;11/09/2020;Cotações
Variacao_Pct;14/09/2020;Cotações
Variacao_Pct;15/09/2020;Cotações
Variacao_Pct;16/09/2020;Cotações
Variacao_Pct;17/09/2020;Cotações
Variacao_Pct;18/09/2020;Cotações
Variacao_Pct;21/09/2020;Cotações
Variacao_Pct;22/09/2020;Cotações
Variacao_Pct;23/09/2020;Cotações
Variacao_Pct;24/09/2020;Cotações
Variacao_Pct;25/09/2020;Cotações
Variacao_Pct;28/09/2020;Cotações
Variacao_Pct;29/09/2020;Cotações
Variacao_Pct;30/09/2020;Cotações
Variacao_Pct;01/10/2020;Cotações
Variacao_Pct;02/10/2020;Cotações
Variacao_Pct;05/10/2020;Cotações
Variacao_Pct;06/10/2020;Cotações
Variacao_Pct;07/10/2020;Cotações
Variacao_Pct;08/10/2020;Cotações
Variacao_Pct;09/10/2020;Cotações
Variacao_Pct;13/10/2020;Cotações
Variacao_Pct;14/10/2020;Cotações
Variacao_Pct;15/10/2020;Cotações
Variacao_Pct;16/10/2020;Cotações
Variacao_Pct;19/10/2020;Cotações
Variacao_Pct;20/10/2020;Cotações
Variacao_Pct;21/10/2020;Cotações
Variacao_Pct;22/10/2020;Cotações
Variacao_Pct;23/10/2020;Cotações
Variacao_Pct;26/10/2020;Cotações
Variacao_Pct;27/10/2020;Cotações
Variacao_Pct;28/10/2020;Cotações
Variacao_Pct;29/10/2020;Cotações
Variacao_Pct;30/10/2020;Cotações
Variacao_Pct;03/11/2020;Cotações
Variacao_Pct;04/11/2020;Cotações
Variacao_Pct;05/11/2020;Cotações
Variacao_Pct;06/11/2020;Cotações
Variacao_Pct;09/11/2020;Cotações
Variacao_Pct;10/11/2020;Cotações
Variacao_Pct;11/11/2020;Cotações
Variacao_Pct;12/11/2020;Cotações
Variacao_Pct;13/11/2020;Cotações
Variacao_Pct;16/11/2020;Cotações
Variacao_Pct;17/11/2020;Cotações
Variacao_Pct;18/11/2020;Cotações
Variacao_Pct;19/11/2020;Cotações
Variacao_Pct;20/11/2020;Cotações
Variacao_Pct;23/11/2020;Cotações
Variacao_Pct;24/11/2020;Cotações
Variacao_Pct;25/11/2020;Cotações
Variacao_Pct;26/11/2020;Cotações
Variacao_Pct;27/11/2020;Cotações
Variacao_Pct;30/11/2020;Cotações
Variacao_Pct;01/12/2020;Cotações
Variacao_Pct;02/12/2020;Cotações
Variacao_Pct;03/12/2020;Cotações
Variacao_Pct;04/12/2020;Cotações
Variacao_Pct;07/12/2020;Cotações
Variacao_Pct;08/12/2020;Cotações
Variacao_Pct;09/12/2020;Cotações
Variacao_Pct;10/12/2020;Cotações
Variacao_Pct;11/12/2020;Cotações
Variacao_Pct;14/12/2020;Cotações
Variacao_Pct;15/12/2020;Cotações
Variacao_Pct;16/12/2020;Cotações
Variacao_Pct;17/12/2020;Cotações
Variacao_Pct;18/12/2020;Cotações
Variacao_Pct;21/12/2020;Cotações
Variacao_Pct;22/12/2020;Cotações
Variacao_Pct;23/12/2020;Cotações
Variacao_Pct;28/12/2020;Cotações
Variacao_Pct;29/12/2020;Cotações
Variacao_Pct;30/12/2020;Cotações
Variacao_Pct;04/01/2021;Cotações
Variacao_Pct;05/01/2021;Cotações
Variacao_Pct;06/01/2021;Cotações
Variacao_Pct;07/01/2021;Cotações
Variacao_Pct;08/01/2021;Cotações
Variacao_Pct;11/01/2021;Cotações
Variacao_Pct;12/01/2021;Cotações
Variacao_Pct;13/01/2021;Cotações
Variacao_Pct;14/01/2021;Cotações
Variacao_Pct;15/01/2021;Cotações
Variacao_Pct;18/01/2021;Cotações
Variacao_Pct;19/01/2021;Cotações
Variacao_Pct;20/01/2021;Cotações
Variacao_Pct;21/01/2021;Cotações
Variacao_Pct;22/01/2021;Cotações
Variacao_Pct;26/01/2021;Cotações
Variacao_Pct;27/01/2021;Cotações
Variacao_Pct;28/01/2021;Cotações
Variacao_Pct;29/01/2021;Cotações
Variacao_Pct;01/02/2021;Cotações
Variacao_Pct;02/02/2021;Cotações
Variacao_Pct;03/02/2021;Cotações
Variacao_Pct;04/02/2021;Cotações
Variacao_Pct;05/02/2021;Cotações
Variacao_Pct;08/02/2021;Cotações
Variacao_Pct;09/02/2021;Cotações
Variacao_Pct;10/02/2021;Cotações
Variacao_Pct;11/02/2021;Cotações
Variacao_Pct;12/02/2021;Cotações
Variacao_Pct;17/02/2021;Cotações
Variacao_Pct;18/02/2021;Cotações
Variacao_Pct;19/02/2021;Cotações
Variacao_Pct;22/02/2021;Cotações
Variacao_Pct;23/02/2021;Cotações
Variacao_Pct;24/02/2021;Cotações
Variacao_Pct;25/02/2021;Cotações
Variacao_Pct;26/02/2021;Cotações
Variacao_Pct;01/03/2021;Cotações
Variacao_Pct;02/03/2021;Cotações
Variacao_Pct;03/03/2021;Cotações
Variacao_Pct;04/03/2021;Cotações
Variacao_Pct;05/03/2021;Cotações
Variacao_Pct;08/03/2021;Cotações
Variacao_Pct;09/03/2021;Cotações
Variacao_Pct;10/03/2021;Cotações
Variacao_Pct;11/03/2021;Cotações
Variacao_Pct;12/03/2021;Cotações
Variacao_Pct;15/03/2021;Cotações
Variacao_Pct;16/03/2021;Cotações
Variacao_Pct;17/03/2021;Cotações
Variacao_Pct;18/03/2021;Cotações
Variacao_Pct;19/03/2021;Cotações
Variacao_Pct;22/03/2021;Cotações
Variacao_Pct;23/03/2021;Cotações
Variacao_Pct;24/03/2021;Cotações
Variacao_Pct;25/03/2021;Cotações
Variacao_Pct;26/03/2021;Cotações
Variacao_Pct;29/03/2021;Cotações
Variacao_Pct;30/03/2021;Cotações
Variacao_Pct;31/03/2021;Cotações
Variacao_Pct;01/04/2021;Cotações
Variacao_Pct;05/04/2021;Cotações
Variacao_Pct;06/04/2021;Cotações
Variacao_Pct;07/04/2021;Cotações
Variacao_Pct;08/04/2021;Cotações
Variacao_Pct;09/04/2021;Cotações
Variacao_Pct;12/04/2021;Cotações
Variacao_Pct;13/04/2021;Cotações
Variacao_Pct;14/04/2021;Cotações
Variacao_Pct;15/04/2021;Cotações
Variacao_Pct;16/04/2021;Cotações
Variacao_Pct;19/04/2021;Cotações
Variacao_Pct;20/04/2021;Cotações
Variacao_Pct;22/04/2021;Cotações
Variacao_Pct;23/04/2021;Cotações
Variacao_Pct;26/04/2021;Cotações
Variacao_Pct;27/04/2021;Cotações
Variacao_Pct;28/04/2021;Cotações
Variacao_Pct;29/04/2021;Cotações
Variacao_Pct;30/04/2021;Cotações
Variacao_Pct;03/05/2021;Cotações
Variacao_Pct;04/05/2021;Cotações
Variacao_Pct;05/05/2021;Cotações
Variacao_Pct;06/05/2021;Cotações
Variacao_Pct;07/05/2021;Cotações
Variacao_Pct;10/05/2021;Cotações
Variacao_Pct;11/05/2021;Cotações
Variacao_Pct;12/05/2021;Cotações
Variacao_Pct;13/05/2021;Cotações
Variacao_Pct;14/05/2021;Cotações
Variacao_Pct;17/05/2021;Cotações
Variacao_Pct;18/05/2021;Cotações
Variacao_Pct;19/05/2021;Cotações
Variacao_Pct;20/05/2021;Cotações
Variacao_Pct;21/05/2021;Cotações
Variacao_Pct;24/05/2021;Cotações
Variacao_Pct;25/05/2021;Cotações
Variacao_Pct;26/05/2021;Cotações
Variacao_Pct;27/05/2021;Cotações
Variacao_Pct;28/05/2021;Cotações
Variacao_Pct;31/05/2021;Cotações
Variacao_Pct;01/06/2021;Cotações
Variacao_Pct;02/06/2021;Cotações
Variacao_Pct;04/06/2021;Cotações
Variacao_Pct;07/06/2021;Cotações
Variacao_Pct;08/06/2021;Cotações
Variacao_Pct;09/06/2021;Cotações
Variacao_Pct;10/06/2021;Cotações
Variacao_Pct;11/06/2021;Cotações
Variacao_Pct;14/06/2021;Cotações
Variacao_Pct;15/06/2021;Cotações
Variacao_Pct;16/06/2021;Cotações
Variacao_Pct;17/06/2021;Cotações
Variacao_Pct;18/06/2021;Cotações
Variacao_Pct;21/06/2021;Cotações
Variacao_Pct;22/06/2021;Cotações
Variacao_Pct;23/06/2021;Cotações
Variacao_Pct;24/06/2021;Cotações
Variacao_Pct;25/06/2021;Cotações
Variacao_Pct;28/06/2021;Cotações
Variacao_Pct;29/06/2021;Cotações
Variacao_Pct;30/06/2021;Cotações
Variacao_Pct;01/07/2021;Cotações
Variacao_Pct;02/07/2021;Cotações
Variacao_Pct;05/07/2021;Cotações
Variacao_Pct;06/07/2021;Cotações
Variacao_Pct;07/07/2021;Cotações
Variacao_Pct;08/07/2021;Cotações
Variacao_Pct;12/07/2021;Cotações
Variacao_Pct;13/07/2021;Cotações
Variacao_Pct;14/07/2021;Cotações
Variacao_Pct;15/07/2021;Cotações
Variacao_Pct;16/07/2021;Cotações
Variacao_Pct;19/07/2021;Cotações
Variacao_Pct;20/07/2021;Cotações
Variacao_Pct;21/07/2021;Cotações
Variacao_Pct;22/07/2021;Cotações
Variacao_Pct;23/07/2021;Cotações
Variacao_Pct;26/07/2021;Cotações
Variacao_Pct;27/07/2021;Cotações
Variacao_Pct;28/07/2021;Cotações
Variacao_Pct;29/07/2021;Cotações
Variacao_Pct;30/07/2021;Cotações
Variacao_Pct;02/08/2021;Cotações
Variacao_Pct;03/08/2021;Cotações
Variacao_Pct;04/08/2021;Cotações
Variacao_Pct;05/08/2021;Cotações
Variacao_Pct;06/08/2021;Cotações
Variacao_Pct;09/08/2021;Cotações
Variacao_Pct;10/08/2021;Cotações
Variacao_Pct;11/08/2021;Cotações
Variacao_Pct;12/08/2021;Cotações
Variacao_Pct;13/08/2021;Cotações
Variacao_Pct;16/08/2021;Cotações
Variacao_Pct;17/08/2021;Cotações
Variacao_Pct;18/08/2021;Cotações
Variacao_Pct;19/08/2021;Cotações
Variacao_Pct;20/08/2021;Cotações
Variacao_Pct;23/08/2021;Cotações
Variacao_Pct;24/08/2021;Cotações
Variacao_Pct;25/08/2021;Cotações
Variacao_Pct;26/08/2021;Cotações
Variacao_Pct;27/08/2021;Cotações
Variacao_Pct;30/08/2021;Cotações
Variacao_Pct;31/08/2021;Cotações
Variacao_Pct;01/09/2021;Cotações
Variacao_Pct;02/09/2021;Cotações
Variacao_Pct;03/09/2021;Cotações
Variacao_Pct;06/09/2021;Cotações
Variacao_Pct;08/09/2021;Cotações
Variacao_Pct;09/09/2021;Cotações
Variacao_Pct;10/09/2021;Cotações
Variacao_Pct;13/09/2021;Cotações
Variacao_Pct;14/09/2021;Cotações
Variacao_Pct;15/09/2021;Cotações
Variacao_Pct;16/09/2021;Cotações
Variacao_Pct;17/09/2021;Cotações
Variacao_Pct;20/09/2021;Cotações
Variacao_Pct;21/09/2021;Cotações
Variacao_Pct;22/09/2021;Cotações
Variacao_Pct;23/09/2021;Cotações
Variacao_Pct;24/09/2021;Cotações
Variacao_Pct;27/09/2021;Cotações
Variacao_Pct;28/09/2021;Cotações
Variacao_Pct;29/09/2021;Cotações
Variacao_Pct;30/09/2021;Cotações
Variacao_Pct;01/10/2021;Cotações
Variacao_Pct;04/10/2021;Cotações
Variacao_Pct;05/10/2021;Cotações
Variacao_Pct;06/10/2021;Cotações
Variacao_Pct;07/10/2021;Cotações
Variacao_Pct;08/10/2021;Cotações
Variacao_Pct;11/10/2021;Cotações
Variacao_Pct;13/10/2021;Cotações
Variacao_Pct;14/10/2021;Cotações
Variacao_Pct;15/10/2021;Cotações
Variacao_Pct;18/10/2021;Cotações
Variacao_Pct;19/10/2021;Cotações
Variacao_Pct;20/10/2021;Cotações
Variacao_Pct;21/10/2021;Cotações
Variacao_Pct;22/10/2021;Cotações
Variacao_Pct;25/10/2021;Cotações
Variacao_Pct;26/10/2021;Cotações
Variacao_Pct;27/10/2021;Cotações
Variacao_Pct;28/10/2021;Cotações
Variacao_Pct;29/10/2021;Cotações
Variacao_Pct;01/11/2021;Cotações
Variacao_Pct;03/11/2021;Cotações
Variacao_Pct;04/11/2021;Cotações
Variacao_Pct;05/11/2021;Cotações
Variacao_Pct;08/11/2021;Cotações
Variacao_Pct;09/11/2021;Cotações
Variacao_Pct;10/11/2021;Cotações
Variacao_Pct;11/11/2021;Cotações
Variacao_Pct;12/11/2021;Cotações
Variacao_Pct;16/11/2021;Cotações
Variacao_Pct;17/11/2021;Cotações
Variacao_Pct;18/11/2021;Cotações
Variacao_Pct;19/11/2021;Cotações
Variacao_Pct;22/11/2021;Cotações
Variacao_Pct;23/11/2021;Cotações
Variacao_Pct;24/11/2021;Cotações
Variacao_Pct;25/11/2021;Cotações
Variacao_Pct;26/11/2021;Cotações
Variacao_Pct;29/11/2021;Cotações
Variacao_Pct;30/11/2021;Cotações
Variacao_Pct;01/12/2021;Cotações
Variacao_Pct;02/12/2021;Cotações
Variacao_Pct;03/12/2021;Cotações
Variacao_Pct;06/12/2021;Cotações
Variacao_Pct;07/12/2021;Cotações
Variacao_Pct;08/12/2021;Cotações
Variacao_Pct;09/12/2021;Cotações
Variacao_Pct;10/12/2021;Cotações
Variacao_Pct;13/12/2021;Cotações
Variacao_Pct;14/12/2021;Cotações
Variacao_Pct;15/12/2021;Cotações
Variacao_Pct;16/12/2021;Cotações
Variacao_Pct;17/12/2021;Cotações
Variacao_Pct;20/12/2021;Cotações
Variacao_Pct;21/12/2021;Cotações
Variacao_Pct;22/12/2021;Cotações
Variacao_Pct;23/12/2021;Cotações
Variacao_Pct;27/12/2021;Cotações
Variacao_Pct;28/12/2021;Cotações
Variacao_Pct;29/12/2021;Cotações
Variacao_Pct;30/12/2021;Cotações
Variacao_Pct;03/01/2022;Cotações
Variacao_Pct;04/01/2022;Cotações
Variacao_Pct;05/01/2022;Cotações
Variacao_Pct;06/01/2022;Cotações
Variacao_Pct;07/01/2022;Cotações
Variacao_Pct;10/01/2022;Cotações
Variacao_Pct;11/01/2022;Cotações
Variacao_Pct;12/01/2022;Cotações
Variacao_Pct;13/01/2022;Cotações
Variacao_Pct;14/01/2022;Cotações
Variacao_Pct;17/01/2022;Cotações
Variacao_Pct;18/01/2022;Cotações
Variacao_Pct;19/01/2022;Cotações
Variacao_Pct;20/01/2022;Cotações
Variacao_Pct;21/01/2022;Cotações
Variacao_Pct;24/01/2022;Cotações
Variacao_Pct;25/01/2022;Cotações
Variacao_Pct;26/01/2022;Cotações
Variacao_Pct;27/01/2022;Cotações
Variacao_Pct;28/01/2022;Cotações
Variacao_Pct;31/01/2022;Cotações
Variacao_Pct;01/02/2022;Cotações
Variacao_Pct;02/02/2022;Cotações
Variacao_Pct;03/02/2022;Cotações
Variacao_Pct;04/02/2022;Cotações
Variacao_Pct;07/02/2022;Cotações
Variacao_Pct;08/02/2022;Cotações
Variacao_Pct;09/02/2022;Cotações
Variacao_Pct;10/02/2022;Cotações
Variacao_Pct;11/02/2022;Cotações
Variacao_Pct;14/02/2022;Cotações
Variacao_Pct;15/02/2022;Cotações
Variacao_Pct;16/02/2022;Cotações
Variacao_Pct;17/02/2022;Cotações
Variacao_Pct;18/02/2022;Cotações
Variacao_Pct;21/02/2022;Cotações
Variacao_Pct;22/02/2022;Cotações
Variacao_Pct;23/02/2022;Cotações
Variacao_Pct;24/02/2022;Cotações
Variacao_Pct;25/02/2022;Cotações
Variacao_Pct;02/03/2022;Cotações
Variacao_Pct;03/03/2022;Cotações
Variacao_Pct;04/03/2022;Cotações
Variacao_Pct;07/03/2022;Cotações
Variacao_Pct;08/03/2022;Cotações
Variacao_Pct;09/03/2022;Cotações
Variacao_Pct;10/03/2022;Cotações
Variacao_Pct;11/03/2022;Cotações
Variacao_Pct;14/03/2022;Cotações
Variacao_Pct;15/03/2022;Cotações
Variacao_Pct;16/03/2022;Cotações
Variacao_Pct;17/03/2022;Cotações
Variacao_Pct;18/03/2022;Cotações
Variacao_Pct;21/03/2022;Cotações
Variacao_Pct;22/03/2022;Cotações
Variacao_Pct;23/03/2022;Cotações
Variacao_Pct;24/03/2022;Cotações
Variacao_Pct;25/03/2022;Cotações
Variacao_Pct;28/03/2022;Cotações
Variacao_Pct;29/03/2022;Cotações
Variacao_Pct;30/03/2022;Cotações
Variacao_Pct;31/03/2022;Cotações
Variacao_Pct;01/04/2022;Cotações
Variacao_Pct;04/04/2022;Cotações
Variacao_Pct;05/04/2022;Cotações
Variacao_Pct;06/04/2022;Cotações
Variacao_Pct;07/04/2022;Cotações
Variacao_Pct;08/04/2022;Cotações
Variacao_Pct;11/04/2022;Cotações
Variacao_Pct;12/04/2022;Cotações
Variacao_Pct;13/04/2022;Cotações
Variacao_Pct;14/04/2022;Cotações
Variacao_Pct;18/04/2022;Cotações
Variacao_Pct;19/04/2022;Cotações
Variacao_Pct;20/04/2022;Cotações
Variacao_Pct;22/04/2022;Cotações
Variacao_Pct;25/04/2022;Cotações
Variacao_Pct;26/04/2022;Cotações
Variacao_Pct;27/04/2022;Cotações
Variacao_Pct;28/04/2022;Cotações
Variacao_Pct;29/04/2022;Cotações
Variacao_Pct;02/05/2022;Cotações
Variacao_Pct;03/05/2022;Cotações
Variacao_Pct;04/05/2022;Cotações
Variacao_Pct;05/05/2022;Cotações
Variacao_Pct;06/05/2022;Cotações
Variacao_Pct;09/05/2022;Cotações
Variacao_Pct;10/05/2022;Cotações
Variacao_Pct;11/05/2022;Cotações
Variacao_Pct;12/05/2022;Cotações
Variacao_Pct;13/05/2022;Cotações
Variacao_Pct;16/05/2022;Cotações
Variacao_Pct;17/05/2022;Cotações
Variacao_Pct;18/05/2022;Cotações
Variacao_Pct;19/05/2022;Cotações
Variacao_Pct;20/05/2022;Cotações
Variacao_Pct;23/05/2022;Cotações
Variacao_Pct;24/05/2022;Cotações
Variacao_Pct;25/05/2022;Cotações
Variacao_Pct;26/05/2022;Cotações
Variacao_Pct;27/05/2022;Cotações
Variacao_Pct;30/05/2022;Cotações
Variacao_Pct;31/05/2022;Cotações
Variacao_Pct;01/06/2022;Cotações
Variacao_Pct;02/06/2022;Cotações
Variacao_Pct;03/06/2022;Cotações
Variacao_Pct;06/06/2022;Cotações
Variacao_Pct;07/06/2022;Cotações
Variacao_Pct;08/06/2022;Cotações
Variacao_Pct;09/06/2022;Cotações
Variacao_Pct;10/06/2022;Cotações
Variacao_Pct;13/06/2022;Cotações
Variacao_Pct;14/06/2022;Cotações
Variacao_Pct;15/06/2022;Cotações
Variacao_Pct;17/06/2022;Cotações
Variacao_Pct;20/06/2022;Cotações
Variacao_Pct;21/06/2022;Cotações
Variacao_Pct;22/06/2022;Cotações
Variacao_Pct;23/06/2022;Cotações
Variacao_Pct;24/06/2022;Cotações
Variacao_Pct;27/06/2022;Cotações
Variacao_Pct;28/06/2022;Cotações
Variacao_Pct;29/06/2022;Cotações
Variacao_Pct;30/06/2022;Cotações
Variacao_Pct;01/07/2022;Cotações
Variacao_Pct;04/07/2022;Cotações
Variacao_Pct;05/07/2022;Cotações
Variacao_Pct;06/07/2022;Cotações
Variacao_Pct;07/07/2022;Cotações
Variacao_Pct;08/07/2022;Cotações
Variacao_Pct;11/07/2022;Cotações
Variacao_Pct;12/07/2022;Cotações
Variacao_Pct;13/07/2022;Cotações
Variacao_Pct;14/07/2022;Cotações
Variacao_Pct;15/07/2022;Cotações
Variacao_Pct;18/07/2022;Cotações
Variacao_Pct;19/07/2022;Cotações
Variacao_Pct;20/07/2022;Cotações
Variacao_Pct;21/07/2022;Cotações
Variacao_Pct;22/07/2022;Cotações
Variacao_Pct;25/07/2022;Cotações
Variacao_Pct;26/07/2022;Cotações
Variacao_Pct;27/07/2022;Cotações
Variacao_Pct;28/07/2022;Cotações
Variacao_Pct;29/07/2022;Cotações
Variacao_Pct;01/08/2022;Cotações
Variacao_Pct;02/08/2022;Cotações
Variacao_Pct;03/08/2022;Cotações
Variacao_Pct;04/08/2022;Cotações
Variacao_Pct;05/08/2022;Cotações
Variacao_Pct;08/08/2022;Cotações
Variacao_Pct;09/08/2022;Cotações
Variacao_Pct;10/08/2022;Cotações
Variacao_Pct;11/08/2022;Cotações
Variacao_Pct;12/08/2022;Cotações
Variacao_Pct;15/08/2022;Cotações
Variacao_Pct;16/08/2022;Cotações
Variacao_Pct;17/08/2022;Cotações
Variacao_Pct;18/08/2022;Cotações
Variacao_Pct;19/08/2022;Cotações
Variacao_Pct;22/08/2022;Cotações
Variacao_Pct;23/08/2022;Cotações
Variacao_Pct;24/08/2022;Cotações
Variacao_Pct;25/08/2022;Cotações
Variacao_Pct;26/08/2022;Cotações
Variacao_Pct;29/08/2022;Cotações
Variacao_Pct;30/08/2022;Cotações
Variacao_Pct;31/08/2022;Cotações
Variacao_Pct;01/09/2022;Cotações
Variacao_Pct;02/09/2022;Cotações
Variacao_Pct;05/09/2022;Cotações
Variacao_Pct;06/09/2022;Cotações
Variacao_Pct;08/09/2022;Cotações
Variacao_Pct;09/09/2022;Cotações
Variacao_Pct;12/09/2022;Cotações
Variacao_Pct;13/09/2022;Cotações
Variacao_Pct;14/09/2022;Cotações
Variacao_Pct;15/09/2022;Cotações
Variacao_Pct;16/09/2022;Cotações
Variacao_Pct;19/09/2022;Cotações
Variacao_Pct;20/09/2022;Cotações
Variacao_Pct;21/09/2022;Cotações
Variacao_Pct;22/09/2022;Cotações
Variacao_Pct;23/09/2022;Cotações
Variacao_Pct;26/09/2022;Cotações
Variacao_Pct;27/09/2022;Cotações
Variacao_Pct;28/09/2022;Cotações
Variacao_Pct;29/09/2022;Cotações
Variacao_Pct;30/09/2022;Cotações
Variacao_Pct;03/10/2022;Cotações
Variacao_Pct;04/10/2022;Cotações
Variacao_Pct;05/10/2022;Cotações
Variacao_Pct;06/10/2022;Cotações
Variacao_Pct;07/10/2022;Cotações
Variacao_Pct;10/10/2022;Cotações
Variacao_Pct;11/10/2022;Cotações
Variacao_Pct;13/10/2022;Cotações
Variacao_Pct;14/10/2022;Cotações
Variacao_Pct;17/10/2022;Cotações
Variacao_Pct;18/10/2022;Cotações
Variacao_Pct;19/10/2022;Cotações
Variacao_Pct;20/10/2022;Cotações
Variacao_Pct;21/10/2022;Cotações
Variacao_Pct;24/10/2022;Cotações
Variacao_Pct;25/10/2022;Cotações
Variacao_Pct;26/10/2022;Cotações
Variacao_Pct;27/10/2022;Cotações
Variacao_Pct;28/10/2022;Cotações
Variacao_Pct;31/10/2022;Cotações
Variacao_Pct;01/11/2022;Cotações
Variacao_Pct;03/11/2022;Cotações
Variacao_Pct;04/11/2022;Cotações
Variacao_Pct;07/11/2022;Cotações
Variacao_Pct;08/11/2022;Cotações
Variacao_Pct;09/11/2022;Cotações
Variacao_Pct;10/11/2022;Cotações
Variacao_Pct;11/11/2022;Cotações
Variacao_Pct;14/11/2022;Cotações
Variacao_Pct;16/11/2022;Cotações
Variacao_Pct;17/11/2022;Cotações
Variacao_Pct;18/11/2022;Cotações
Variacao_Pct;21/11/2022;Cotações
Variacao_Pct;22/11/2022;Cotações
Variacao_Pct;23/11/2022;Cotações
Variacao_Pct;24/11/2022;Cotações
Variacao_Pct;25/11/2022;Cotações
Variacao_Pct;28/11/2022;Cotações
Variacao_Pct;29/11/2022;Cotações
Variacao_Pct;30/11/2022;Cotações
Variacao_Pct;01/12/2022;Cotações
Variacao_Pct;02/12/2022;Cotações
Variacao_Pct;05/12/2022;Cotações
Variacao_Pct;06/12/2022;Cotações
Variacao_Pct;07/12/2022;Cotações
Variacao_Pct;08/12/2022;Cotações
Variacao_Pct;09/12/2022;Cotações
Variacao_Pct;12/12/2022;Cotações
Variacao_Pct;13/12/2022;Cotações
Variacao_Pct;14/12/2022;Cotações
Variacao_Pct;15/12/2022;Cotações
Variacao_Pct;16/12/2022;Cotações
Variacao_Pct;19/12/2022;Cotações
Variacao_Pct;20/12/2022;Cotações
Variacao_Pct;21/12/2022;Cotações
Variacao_Pct;22/12/2022;Cotações
Variacao_Pct;23/12/2022;Cotações
Variacao_Pct;26/12/2022;Cotações
Variacao_Pct;27/12/2022;Cotações
Variacao_Pct;28/12/2022;Cotações
Variacao_Pct;29/12/2022;Cotações
Variacao_Pct;02/01/2023;Cotações
Variacao_Pct;03/01/2023;Cotações
Variacao_Pct;04/01/2023;Cotações
Variacao_Pct;05/01/2023;Cotações
Variacao_Pct;06/01/2023;Cotações
Variacao_Pct;09/01/2023;Cotações
Variacao_Pct;10/01/2023;Cotações
Variacao_Pct;11/01/2023;Cotações
Variacao_Pct;12/01/2023;Cotações
Variacao_Pct;13/01/2023;Cotações
Variacao_Pct;16/01/2023;Cotações
Variacao_Pct;17/01/2023;Cotações
Variacao_Pct;18/01/2023;Cotações
Variacao_Pct;19/01/2023;Cotações
Variacao_Pct;20/01/2023;Cotações
Variacao_Pct;23/01/2023;Cotações
Variacao_Pct;24/01/2023;Cotações
Variacao_Pct;25/01/2023;Cotações
Variacao_Pct;26/01/2023;Cotações
Variacao_Pct;27/01/2023;Cotações
Variacao_Pct;30/01/2023;Cotações
Variacao_Pct;31/01/2023;Cotações
Variacao_Pct;01/02/2023;Cotações
Variacao_Pct;02/02/2023;Cotações
Variacao_Pct;03/02/2023;Cotações
Variacao_Pct;06/02/2023;Cotações
Variacao_Pct;07/02/2023;Cotações
Variacao_Pct;08/02/2023;Cotações
Variacao_Pct;09/02/2023;Cotações
Variacao_Pct;10/02/2023;Cotações
Variacao_Pct;13/02/2023;Cotações
Variacao_Pct;14/02/2023;Cotações
Variacao_Pct;15/02/2023;Cotações
Variacao_Pct;16/02/2023;Cotações
Variacao_Pct;17/02/2023;Cotações
Variacao_Pct;22/02/2023;Cotações
Variacao_Pct;23/02/2023;Cotações
Variacao_Pct;24/02/2023;Cotações
Variacao_Pct;27/02/2023;Cotações
Variacao_Pct;28/02/2023;Cotações
Variacao_Pct;01/03/2023;Cotações
Variacao_Pct;02/03/2023;Cotações
Variacao_Pct;03/03/2023;Cotações
Variacao_Pct;06/03/2023;Cotações
Variacao_Pct;07/03/2023;Cotações
Variacao_Pct;08/03/2023;Cotações
Variacao_Pct;09/03/2023;Cotações
Variacao_Pct;10/03/2023;Cotações
Variacao_Pct;13/03/2023;Cotações
Variacao_Pct;14/03/2023;Cotações
Variacao_Pct;15/03/2023;Cotações
Variacao_Pct;16/03/2023;Cotações
Variacao_Pct;17/03/2023;Cotações
Variacao_Pct;20/03/2023;Cotações
Variacao_Pct;21/03/2023;Cotações
Variacao_Pct;22/03/2023;Cotações
Variacao_Pct;23/03/2023;Cotações
Variacao_Pct;24/03/2023;Cotações
Variacao_Pct;27/03/2023;Cotações
Variacao_Pct;28/03/2023;Cotações
Variacao_Pct;29/03/2023;Cotações
Variacao_Pct;30/03/2023;Cotações
Variacao_Pct;31/03/2023;Cotações
Variacao_Pct;03/04/2023;Cotações
Variacao_Pct;04/04/2023;Cotações
Variacao_Pct;05/04/2023;Cotações
Variacao_Pct;06/04/2023;Cotações
Variacao_Pct;10/04/2023;Cotações
Variacao_Pct;11/04/2023;Cotações
Variacao_Pct;12/04/2023;Cotações
Variacao_Pct;13/04/2023;Cotações
Variacao_Pct;14/04/2023;Cotações
Variacao_Pct;17/04/2023;Cotações
Variacao_Pct;18/04/2023;Cotações
Variacao_Pct;19/04/2023;Cotações
Variacao_Pct;20/04/2023;Cotações
Variacao_Pct;24/04/2023;Cotações
Variacao_Pct;25/04/2023;Cotações
Variacao_Pct;26/04/2023;Cotações
Variacao_Pct;27/04/2023;Cotações
Variacao_Pct;28/04/2023;Cotações
Variacao_Pct;02/05/2023;Cotações
Variacao_Pct;03/05/2023;Cotações
Variacao_Pct;04/05/2023;Cotações
Variacao_Pct;05/05/2023;Cotações
Variacao_Pct;08/05/2023;Cotações
Variacao_Pct;09/05/2023;Cotações
Variacao_Pct;10/05/2023;Cotações
Variacao_Pct;11/05/2023;Cotações
Variacao_Pct;12/05/2023;Cotações
Variacao_Pct;15/05/2023;Cotações
Variacao_Pct;16/05/2023;Cotações
Variacao_Pct;17/05/2023;Cotações
Variacao_Pct;18/05/2023;Cotações
Variacao_Pct;19/05/2023;Cotações
Variacao_Pct;22/05/2023;Cotações
Variacao_Pct;23/05/2023;Cotações
Variacao_Pct;24/05/2023;Cotações
Variacao_Pct;25/05/2023;Cotações
Variacao_Pct;26/05/2023;Cotações
Variacao_Pct;29/05/2023;Cotações
Variacao_Pct;30/05/2023;Cotações
Variacao_Pct;31/05/2023;Cotações
Variacao_Pct;01/06/2023;Cotações
Variacao_Pct;02/06/2023;Cotações
Variacao_Pct;05/06/2023;Cotações
Variacao_Pct;06/06/2023;Cotações
Variacao_Pct;07/06/2023;Cotações
Variacao_Pct;09/06/2023;Cotações
Variacao_Pct;12/06/2023;Cotações
Variacao_Pct;13/06/2023;Cotações
Variacao_Pct;14/06/2023;Cotações
Variacao_Pct;15/06/2023;Cotações
Variacao_Pct;16/06/2023;Cotações
Variacao_Pct;19/06/2023;Cotações
Variacao_Pct;20/06/2023;Cotações
Variacao_Pct;21/06/2023;Cotações
Variacao_Pct;22/06/2023;Cotações
Variacao_Pct;23/06/2023;Cotações
Variacao_Pct;26/06/2023;Cotações
Variacao_Pct;27/06/2023;Cotações
Variacao_Pct;28/06/2023;Cotações
Variacao_Pct;29/06/2023;Cotações
Variacao_Pct;30/06/2023;Cotações
Variacao_Pct;03/07/2023;Cotações
Variacao_Pct;04/07/2023;Cotações
Variacao_Pct;05/07/2023;Cotações
Variacao_Pct;06/07/2023;Cotações
Variacao_Pct;07/07/2023;Cotações
Variacao_Pct;10/07/2023;Cotações
Variacao_Pct;11/07/2023;Cotações
Variacao_Pct;12/07/2023;Cotações
Variacao_Pct;13/07/2023;Cotações
Variacao_Pct;14/07/2023;Cotações
Variacao_Pct;17/07/2023;Cotações
Variacao_Pct;18/07/2023;Cotações
Variacao_Pct;19/07/2023;Cotações
Variacao_Pct;20/07/2023;Cotações
Variacao_Pct;21/07/2023;Cotações
Variacao_Pct;24/07/2023;Cotações
Variacao_Pct;25/07/2023;Cotações
Variacao_Pct;26/07/2023;Cotações
Variacao_Pct;27/07/2023;Cotações
Variacao_Pct;28/07/2023;Cotações
Variacao_Pct;31/07/2023;Cotações
Variacao_Pct;01/08/2023;Cotações
Variacao_Pct;02/08/2023;Cotações
Variacao_Pct;03/08/2023;Cotações
Variacao_Pct;04/08/2023;Cotações
Variacao_Pct;07/08/2023;Cotações
Variacao_Pct;08/08/2023;Cotações
Variacao_Pct;09/08/2023;Cotações
Variacao_Pct;10/08/2023;Cotações
Variacao_Pct;11/08/2023;Cotações
Variacao_Pct;14/08/2023;Cotações
Variacao_Pct;15/08/2023;Cotações
Variacao_Pct;16/08/2023;Cotações
Variacao_Pct;17/08/2023;Cotações
Variacao_Pct;18/08/2023;Cotações
Variacao_Pct;21/08/2023;Cotações
Variacao_Pct;22/08/2023;Cotações
Variacao_Pct;23/08/2023;Cotações
Variacao_Pct;24/08/2023;Cotações
Variacao_Pct;25/08/2023;Cotações
Variacao_Pct;28/08/2023;Cotações
Variacao_Pct;29/08/2023;Cotações
Variacao_Pct;30/08/2023;Cotações
Variacao_Pct;31/08/2023;Cotações
Variacao_Pct;01/09/2023;Cotações
Variacao_Pct;04/09/2023;Cotações
Variacao_Pct;05/09/2023;Cotações
Variacao_Pct;06/09/2023;Cotações
Variacao_Pct;08/09/2023;Cotações
Variacao_Pct;11/09/2023;Cotações
Variacao_Pct;12/09/2023;Cotações
Variacao_Pct;13/09/2023;Cotações
Variacao_Pct;14/09/2023;Cotações
Variacao_Pct;15/09/2023;Cotações
Variacao_Pct;18/09/2023;Cotações
Variacao_Pct;19/09/2023;Cotações
Variacao_Pct;20/09/2023;Cotações
Variacao_Pct;21/09/2023;Cotações
Variacao_Pct;22/09/2023;Cotações
Variacao_Pct;25/09/2023;Cotações
Variacao_Pct;26/09/2023;Cotações
Variacao_Pct;27/09/2023;Cotações
Variacao_Pct;28/09/2023;Cotações
Variacao_Pct;29/09/2023;Cotações
Variacao_Pct;02/10/2023;Cotações
Variacao_Pct;03/10/2023;Cotações
Variacao_Pct;04/10/2023;Cotações
Variacao_Pct;05/10/2023;Cotações
Variacao_Pct;06/10/2023;Cotações
Variacao_Pct;09/10/2023;Cotações
Variacao_Pct;10/10/2023;Cotações
Variacao_Pct;11/10/2023;Cotações
Variacao_Pct;13/10/2023;Cotações
Variacao_Pct;16/10/2023;Cotações
Variacao_Pct;17/10/2023;Cotações
Variacao_Pct;18/10/2023;Cotações
Variacao_Pct;19/10/2023;Cotações
Variacao_Pct;20/10/2023;Cotações
Variacao_Pct;23/10/2023;Cotações
Variacao_Pct;24/10/2023;Cotações
Variacao_Pct;25/10/2023;Cotações
Variacao_Pct;26/10/2023;Cotações
Variacao_Pct;27/10/2023;Cotações
Variacao_Pct;30/10/2023;Cotações
Variacao_Pct;31/10/2023;Cotações
Variacao_Pct;01/11/2023;Cotações
Variacao_Pct;03/11/2023;Cotações
Variacao_Pct;06/11/2023;Cotações
Variacao_Pct;07/11/2023;Cotações
Variacao_Pct;08/11/2023;Cotações
Variacao_Pct;09/11/2023;Cotações
Variacao_Pct;10/11/2023;Cotações
Variacao_Pct;13/11/2023;Cotações
Variacao_Pct;14/11/2023;Cotações
Variacao_Pct;16/11/2023;Cotações
Variacao_Pct;17/11/2023;Cotações
Variacao_Pct;20/11/2023;Cotações
Variacao_Pct;21/11/2023;Cotações
Variacao_Pct;22/11/2023;Cotações
Variacao_Pct;23/11/2023;Cotações
Variacao_Pct;24/11/2023;Cotações
Variacao_Pct;27/11/2023;Cotações
Variacao_Pct;28/11/2023;Cotações
Variacao_Pct;29/11/2023;Cotações
Variacao_Pct;30/11/2023;Cotações
Variacao_Pct;01/12/2023;Cotações
Variacao_Pct;04/12/2023;Cotações
Variacao_Pct;05/12/2023;Cotações
Variacao_Pct;06/12/2023;Cotações
Variacao_Pct;07/12/2023;Cotações
Variacao_Pct;08/12/2023;Cotações
Variacao_Pct;11/12/2023;Cotações
Variacao_Pct;12/12/2023;Cotações
Variacao_Pct;13/12/2023;Cotações
Variacao_Pct;14/12/2023;Cotações
Variacao_Pct;15/12/2023;Cotações
Variacao_Pct;18/12/2023;Cotações
Variacao_Pct;19/12/2023;Cotações
Variacao_Pct;20/12/2023;Cotações
Variacao_Pct;21/12/2023;Cotações
Variacao_Pct;22/12/2023;Cotações
Variacao_Pct;26/12/2023;Cotações
Variacao_Pct;27/12/2023;Cotações
Variacao_Pct;28/12/2023;Cotações
Variacao_Pct;02/01/2024;Cotações
Variacao_Pct;03/01/2024;Cotações
Variacao_Pct;04/01/2024;Cotações
Variacao_Pct;05/01/2024;Cotações
Variacao_Pct;08/01/2024;Cotações
Variacao_Pct;09/01/2024;Cotações
Variacao_Pct;10/01/2024;Cotações
Variacao_Pct;11/01/2024;Cotações
Variacao_Pct;12/01/2024;Cotações
Variacao_Pct;15/01/2024;Cotações
Variacao_Pct;16/01/2024;Cotações
Variacao_Pct;17/01/2024;Cotações
Variacao_Pct;18/01/2024;Cotações
Variacao_Pct;19/01/2024;Cotações
Variacao_Pct;22/01/2024;Cotações
Variacao_Pct;23/01/2024;Cotações
Variacao_Pct;24/01/2024;Cotações
Variacao_Pct;25/01/2024;Cotações
Variacao_Pct;26/01/2024;Cotações
Variacao_Pct;29/01/2024;Cotações
Variacao_Pct;30/01/2024;Cotações
Variacao_Pct;31/01/2024;Cotações
Variacao_Pct;01/02/2024;Cotações
Variacao_Pct;02/02/2024;Cotações
Variacao_Pct;05/02/2024;Cotações
Variacao_Pct;06/02/2024;Cotações
Variacao_Pct;07/02/2024;Cotações
Variacao_Pct;08/02/2024;Cotações
Variacao_Pct;09/02/2024;Cotações
Variacao_Pct;14/02/2024;Cotações
Variacao_Pct;15/02/2024;Cotações
Variacao_Pct;16/02/2024;Cotações
Variacao_Pct;19/02/2024;Cotações
Variacao_Pct;20/02/2024;Cotações
Variacao_Pct;21/02/2024;Cotações
Variacao_Pct;22/02/2024;Cotações
Variacao_Pct;23/02/2024;Cotações
Variacao_Pct;26/02/2024;Cotações
Variacao_Pct;27/02/2024;Cotações
Variacao_Pct;28/02/2024;Cotações
Variacao_Pct;29/02/2024;Cotações
Variacao_Pct;01/03/2024;Cotações
Variacao_Pct;04/03/2024;Cotações
Variacao_Pct;05/03/2024;Cotações
Variacao_Pct;06/03/2024;Cotações
Variacao_Pct;07/03/2024;Cotações
Variacao_Pct;08/03/2024;Cotações
Variacao_Pct;11/03/2024;Cotações
Variacao_Pct;12/03/2024;Cotações
Variacao_Pct;13/03/2024;Cotações
Variacao_Pct;14/03/2024;Cotações
Variacao_Pct;15/03/2024;Cotações
Variacao_Pct;18/03/2024;Cotações
Variacao_Pct;19/03/2024;Cotações
Variacao_Pct;20/03/2024;Cotações
Variacao_Pct;21/03/2024;Cotações
Variacao_Pct;22/03/2024;Cotações
Variacao_Pct;25/03/2024;Cotações
Variacao_Pct;26/03/2024;Cotações
Variacao_Pct;27/03/2024;Cotações
Variacao_Pct;28/03/2024;Cotações
Variacao_Pct;01/04/2024;Cotações
Variacao_Pct;02/04/2024;Cotações
Variacao_Pct;03/04/2024;Cotações
Variacao_Pct;04/04/2024;Cotações
Variacao_Pct;05/04/2024;Cotações
Variacao_Pct;08/04/2024;Cotações
Variacao_Pct;09/04/2024;Cotações
Variacao_Pct;10/04/2024;Cotações
Variacao_Pct;11/04/2024;Cotações
Variacao_Pct;12/04/2024;Cotações
Variacao_Pct;15/04/2024;Cotações
Variacao_Pct;16/04/2024;Cotações
Variacao_Pct;17/04/2024;Cotações
Variacao_Pct;18/04/2024;Cotações
Variacao_Pct;19/04/2024;Cotações
Variacao_Pct;22/04/2024;Cotações
Variacao_Pct;23/04/2024;Cotações
Variacao_Pct;24/04/2024;Cotações
Variacao_Pct;25/04/2024;Cotações
Variacao_Pct;26/04/2024;Cotações
Variacao_Pct;29/04/2024;Cotações
Variacao_Pct;30/04/2024;Cotações
Variacao_Pct;02/05/2024;Cotações
Variacao_Pct;03/05/2024;Cotações
Variacao_Pct;06/05/2024;Cotações
Variacao_Pct;07/05/2024;Cotações
Variacao_Pct;08/05/2024;Cotações
Variacao_Pct;09/05/2024;Cotações
Variacao_Pct;10/05/2024;Cotações
Variacao_Pct;13/05/2024;Cotações
Variacao_Pct;14/05/2024;Cotações
Variacao_Pct;15/05/2024;Cotações
Variacao_Pct;16/05/2024;Cotações
Variacao_Pct;17/05/2024;Cotações
Variacao_Pct;20/05/2024;Cotações
Variacao_Pct;21/05/2024;Cotações
Variacao_Pct;22/05/2024;Cotações
Variacao_Pct;23/05/2024;Cotações
Variacao_Pct;24/05/2024;Cotações
Variacao_Pct;27/05/2024;Cotações
Variacao_Pct;28/05/2024;Cotações
Variacao_Pct;29/05/2024;Cotações
Variacao_Pct;31/05/2024;Cotações
Variacao_Pct;03/06/2024;Cotações
Variacao_Pct;04/06/2024;Cotações
Variacao_Pct;05/06/2024;Cotações
Variacao_Pct;06/06/2024;Cotações
Variacao_Pct;07/06/2024;Cotações
Variacao_Pct;10/06/2024;Cotações
Variacao_Pct;11/06/2024;Cotações
Variacao_Pct;12/06/2024;Cotações
Variacao_Pct;13/06/2024;Cotações
Variacao_Pct;14/06/2024;Cotações
Variacao_Pct;17/06/2024;Cotações
Variacao_Pct;18/06/2024;Cotações
Variacao_Pct;19/06/2024;Cotações
Variacao_Pct;20/06/2024;Cotações
Variacao_Pct;21/06/2024;Cotações
Variacao_Pct;24/06/2024;Cotações
Variacao_Pct;25/06/2024;Cotações
Variacao_Pct;26/06/2024;Cotações
Variacao_Pct;27/06/2024;Cotações
Variacao_Pct;28/06/2024;Cotações
Variacao_Pct;01/07/2024;Cotações
Variacao_Pct;02/07/2024;Cotações
Variacao_Pct;03/07/2024;Cotações
Variacao_Pct;04/07/2024;Cotações
Variacao_Pct;05/07/2024;Cotações
Variacao_Pct;08/07/2024;Cotações
Variacao_Pct;09/07/2024;Cotações
Variacao_Pct;10/07/2024;Cotações
Variacao_Pct;11/07/2024;Cotações
Variacao_Pct;12/07/2024;Cotações
Variacao_Pct;15/07/2024;Cotações
Variacao_Pct;16/07/2024;Cotações
Variacao_Pct;17/07/2024;Cotações
Variacao_Pct;18/07/2024;Cotações
Variacao_Pct;19/07/2024;Cotações
Variacao_Pct;22/07/2024;Cotações
Variacao_Pct;23/07/2024;Cotações
Variacao_Pct;24/07/2024;Cotações
Variacao_Pct;25/07/2024;Cotações
Variacao_Pct;26/07/2024;Cotações
Variacao_Pct;29/07/2024;Cotações
Variacao_Pct;30/07/2024;Cotações
Variacao_Pct;31/07/2024;Cotações
Variacao_Pct;01/08/2024;Cotações
Variacao_Pct;02/08/2024;Cotações
Variacao_Pct;05/08/2024;Cotações
Variacao_Pct;06/08/2024;Cotações
Variacao_Pct;07/08/2024;Cotações
Variacao_Pct;08/08/2024;Cotações
Variacao_Pct;09/08/2024;Cotações
Variacao_Pct;12/08/2024;Cotações
Variacao_Pct;13/08/2024;Cotações
Variacao_Pct;14/08/2024;Cotações
Variacao_Pct;15/08/2024;Cotações
Variacao_Pct;16/08/2024;Cotações
Variacao_Pct;19/08/2024;Cotações
Variacao_Pct;20/08/2024;Cotações
Variacao_Pct;21/08/2024;Cotações
Variacao_Pct;22/08/2024;Cotações
Variacao_Pct;23/08/2024;Cotações
Variacao_Pct;26/08/2024;Cotações
Variacao_Pct;27/08/2024;Cotações
Variacao_Pct;28/08/2024;Cotações
Variacao_Pct;29/08/2024;Cotações
Variacao_Pct;30/08/2024;Cotações
Variacao_Pct;02/09/2024;Cotações
Variacao_Pct;03/09/2024;Cotações
Variacao_Pct;04/09/2024;Cotações
Variacao_Pct;05/09/2024;Cotações
Variacao_Pct;06/09/2024;Cotações
Variacao_Pct;09/09/2024;Cotações
Variacao_Pct;10/09/2024;Cotações
Variacao_Pct;11/09/2024;Cotações
Variacao_Pct;12/09/2024;Cotações
Variacao_Pct;13/09/2024;Cotações
Variacao_Pct;16/09/2024;Cotações
Variacao_Pct;17/09/2024;Cotações
Variacao_Pct;18/09/2024;Cotações
Variacao_Pct;19/09/2024;Cotações
Variacao_Pct;20/09/2024;Cotações
Variacao_Pct;23/09/2024;Cotações
Variacao_Pct;24/09/2024;Cotações
Variacao_Pct;25/09/2024;Cotações
Variacao_Pct;26/09/2024;Cotações
Variacao_Pct;27/09/2024;Cotações
Variacao_Pct;30/09/2024;Cotações
Variacao_Pct;01/10/2024;Cotações
Variacao_Pct;02/10/2024;Cotações
Variacao_Pct;03/10/2024;Cotações
Variacao_Pct;04/10/2024;Cotações
Variacao_Pct;07/10/2024;Cotações
Variacao_Pct;08/10/2024;Cotações
Variacao_Pct;09/10/2024;Cotações
Variacao_Pct;10/10/2024;Cotações
Variacao_Pct;11/10/2024;Cotações
Variacao_Pct;14/10/2024;Cotações
Variacao_Pct;15/10/2024;Cotações
Variacao_Pct;16/10/2024;Cotações
Variacao_Pct;17/10/2024;Cotações
Variacao_Pct;18/10/2024;Cotações
Variacao_Pct;21/10/2024;Cotações
Variacao_Pct;22/10/2024;Cotações
Variacao_Pct;23/10/2024;Cotações
Variacao_Pct;24/10/2024;Cotações
Variacao_Pct;25/10/2024;Cotações
Variacao_Pct;28/10/2024;Cotações
Variacao_Pct;29/10/2024;Cotações
Variacao_Pct;30/10/2024;Cotações
Variacao_Pct;31/10/2024;Cotações
Variacao_Pct;01/11/2024;Cotações
Variacao_Pct;04/11/2024;Cotações
Variacao_Pct;05/11/2024;Cotações
Variacao_Pct;06/11/2024;Cotações
Variacao_Pct;07/11/2024;Cotações
Variacao_Pct;08/11/2024;Cotações
Variacao_Pct;11/11/2024;Cotações
Variacao_Pct;12/11/2024;Cotações
Variacao_Pct;13/11/2024;Cotações
Variacao_Pct;14/11/2024;Cotações
Variacao_Pct;18/11/2024;Cotações
Variacao_Pct;19/11/2024;Cotações
Variacao_Pct;21/11/2024;Cotações
Variacao_Pct;22/11/2024;Cotações
Variacao_Pct;25/11/2024;Cotações
Variacao_Pct;26/11/2024;Cotações
Variacao_Pct;27/11/2024;Cotações
Variacao_Pct;28/11/2024;Cotações
Variacao_Pct;29/11/2024;Cotações
Variacao_Pct;02/12/2024;Cotações
Variacao_Pct;03/12/2024;Cotações
Variacao_Pct;04/12/2024;Cotações
Variacao_Pct;05/12/2024;Cotações
Variacao_Pct;06/12/2024;Cotações
Variacao_Pct;09/12/2024;Cotações
Variacao_Pct;10/12/2024;Cotações
Variacao_Pct;11/12/2024;Cotações
Variacao_Pct;12/12/2024;Cotações
Variacao_Pct;13/12/2024;Cotações
Variacao_Pct;16/12/2024;Cotações
Variacao_Pct;17/12/2024;Cotações
Variacao_Pct;18/12/2024;Cotações
Variacao_Pct;19/12/2024;Cotações
Variacao_Pct;20/12/2024;Cotações
Variacao_Pct;23/12/2024;Cotações
Variacao_Pct;26/12/2024;Cotações
Variacao_Pct;27/12/2024;Cotações
Variacao_Pct;30/12/2024;Cotações
Variacao_Pct;02/01/2025;Cotações
Variacao_Pct;03/01/2025;Cotações
Variacao_Pct;06/01/2025;Cotações
Variacao_Pct;07/01/2025;Cotações
Variacao_Pct;08/01/2025;Cotações
Variacao_Pct;09/01/2025;Cotações
Variacao_Pct;10/01/2025;Cotações
Variacao_Pct;13/01/2025;Cotações
Variacao_Pct;14/01/2025;Cotações
Variacao_Pct;15/01/2025;Cotações
Variacao_Pct;16/01/2025;Cotações
Variacao_Pct;17/01/2025;Cotações
Variacao_Pct;20/01/2025;Cotações
Variacao_Pct;21/01/2025;Cotações
Variacao_Pct;22/01/2025;Cotações
Variacao_Pct;23/01/2025;Cotações
Variacao_Pct;24/01/2025;Cotações
Variacao_Pct;27/01/2025;Cotações
Variacao_Pct;28/01/2025;Cotações
Variacao_Pct;29/01/2025;Cotações
Variacao_Pct;30/01/2025;Cotações
Variacao_Pct;31/01/2025;Cotações
Variacao_Pct;03/02/2025;Cotações
Variacao_Pct;04/02/2025;Cotações
Variacao_Pct;05/02/2025;Cotações
Variacao_Pct;06/02/2025;Cotações
Variacao_Pct;07/02/2025;Cotações
Variacao_Pct;10/02/2025;Cotações
Variacao_Pct;11/02/2025;Cotações
Variacao_Pct;12/02/2025;Cotações
Variacao_Pct;13/02/2025;Cotações
Variacao_Pct;14/02/2025;Cotações
Variacao_Pct;17/02/2025;Cotações
Variacao_Pct;18/02/2025;Cotações
Variacao_Pct;19/02/2025;Cotações
Variacao_Pct;20/02/2025;Cotações
Variacao_Pct;21/02/2025;Cotações
Variacao_Pct;24/02/2025;Cotações
Variacao_Pct;25/02/2025;Cotações
Variacao_Pct;26/02/2025;Cotações
Variacao_Pct;27/02/2025;Cotações
Variacao_Pct;28/02/2025;Cotações
Variacao_Pct;05/03/2025;Cotações
Variacao_Pct;06/03/2025;Cotações
Variacao_Pct;07/03/2025;Cotações
Variacao_Pct;10/03/2025;Cotações
Variacao_Pct;11/03/2025;Cotações
Variacao_Pct;12/03/2025;Cotações
Variacao_Pct;13/03/2025;Cotações
Variacao_Pct;14/03/2025;Cotações
Variacao_Pct;17/03/2025;Cotações
Variacao_Pct;18/03/2025;Cotações
Variacao_Pct;19/03/2025;Cotações
Variacao_Pct;20/03/2025;Cotações
Variacao_Pct;21/03/2025;Cotações
Variacao_Pct;24/03/2025;Cotações
Variacao_Pct;25/03/2025;Cotações
Variacao_Pct;26/03/2025;Cotações
Variacao_Pct;27/03/2025;Cotações
Variacao_Pct;28/03/2025;Cotações
Variacao_Pct;31/03/2025;Cotações
Variacao_Pct;01/04/2025;Cotações
Variacao_Pct;02/04/2025;Cotações
Variacao_Pct;03/04/2025;Cotações
Variacao_Pct;04/04/2025;Cotações
Variacao_Pct;07/04/2025;Cotações
Variacao_Pct;08/04/2025;Cotações
Variacao_Pct;09/04/2025;Cotações
Variacao_Pct;10/04/2025;Cotações
Variacao_Pct;11/04/2025;Cotações
Variacao_Pct;14/04/2025;Cotações
Variacao_Pct;15/04/2025;Cotações
Variacao_Pct;16/04/2025;Cotações
Variacao_Pct;17/04/2025;Cotações
Variacao_Pct;22/04/2025;Cotações
Variacao_Pct;23/04/2025;Cotações
Variacao_Pct;24/04/2025;Cotações
Variacao_Pct;25/04/2025;Cotações
Variacao_Pct;28/04/2025;Cotações
Variacao_Pct;29/04/2025;Cotações
Variacao_Pct;30/04/2025;Cotações
Variacao_Pct;02/05/2025;Cotações
Variacao_Pct;05/05/2025;Cotações
Variacao_Pct;06/05/2025;Cotações
Variacao_Pct;07/05/2025;Cotações
Variacao_Pct;08/05/2025;Cotações
Variacao_Pct;09/05/2025;Cotações
Variacao_Pct;12/05/2025;Cotações
Variacao_Pct;13/05/2025;Cotações
Variacao_Pct;14/05/2025;Cotações
Variacao_Pct;15/05/2025;Cotações
Variacao_Pct;16/05/2025;Cotações
Variacao_Pct;19/05/2025;Cotações
Variacao_Pct;20/05/2025;Cotações
Variacao_Pct;21/05/2025;Cotações
Variacao_Pct;22/05/2025;Cotações
Variacao_Pct;23/05/2025;Cotações
Variacao_Pct;26/05/2025;Cotações
Variacao_Pct;27/05/2025;Cotações
Variacao_Pct;28/05/2025;Cotações
Variacao_Pct;29/05/2025;Cotações
Variacao_Pct;30/05/2025;Cotações
Variacao_Pct;02/06/2025;Cotações
Variacao_Pct;03/06/2025;Cotações
Variacao_Pct;04/06/2025;Cotações
Variacao_Pct;05/06/2025;Cotações
Variacao_Pct;06/06/2025;Cotações
Variacao_Pct;09/06/2025;Cotações
Variacao_Pct;10/06/2025;Cotações
Variacao_Pct;11/06/2025;Cotações
Variacao_Pct;12/06/2025;Cotações
Variacao_Pct;13/06/2025;Cotações
Variacao_Pct;16/06/2025;Cotações
Variacao_Pct;17/06/2025;Cotações
Variacao_Pct;18/06/2025;Cotações
Variacao_Pct;20/06/2025;Cotações
Variacao_Pct;23/06/2025;Cotações
Variacao_Pct;24/06/2025;Cotações
Variacao_Pct;25/06/2025;Cotações
Variacao_Pct;26/06/2025;Cotações
Variacao_Pct;27/06/2025;Cotações
Variacao_Pct;30/06/2025;Cotações
Variacao_Pct;01/07/2025;Cotações
Variacao_Pct;02/07/2025;Cotações
Variacao_Pct;03/07/2025;Cotações
Variacao_Pct;04/07/2025;Cotações
Variacao_Pct;07/07/2025;Cotações
Variacao_Pct;08/07/2025;Cotações
Variacao_Pct;09/07/2025;Cotações
Variacao_Pct;10/07/2025;Cotações
Variacao_Pct;11/07/2025;Cotações
Variacao_Pct;14/07/2025;Cotações
Variacao_Pct;15/07/2025;Cotações
Variacao_Pct;16/07/2025;Cotações
Variacao_Pct;17/07/2025;Cotações
Variacao_Pct;18/07/2025;Cotações
Variacao_Pct;21/07/2025;Cotações
Variacao_Pct;22/07/2025;Cotações
Variacao_Pct;23/07/2025;Cotações
Variacao_Pct;24/07/2025;Cotações
Variacao_Pct;25/07/2025;Cotações
Variacao_Pct;28/07/2025;Cotações
Variacao_Pct;29/07/2025;Cotações
Variacao_Pct;30/07/2025;Cotações
Variacao_Pct;31/07/2025;Cotações
Variacao_Pct;01/08/2025;Cotações
Variacao_Pct;04/08/2025;Cotações
Variacao_Pct;05/08/2025;Cotações
Variacao_Pct;06/08/2025;Cotações
Variacao_Pct;07/08/2025;Cotações
Variacao_Pct;08/08/2025;Cotações
Variacao_Pct;11/08/2025;Cotações
Variacao_Pct;12/08/2025;Cotações
Variacao_Pct;13/08/2025;Cotações
Variacao_Pct;14/08/2025;Cotações
Variacao_Pct;15/08/2025;Cotações
Variacao_Pct;18/08/2025;Cotações
Variacao_Pct;19/08/2025;Cotações
Variacao_Pct;20/08/2025;Cotações
Variacao_Pct;21/08/2025;Cotações
Variacao_Pct;22/08/2025;Cotações
Variacao_Pct;25/08/2025;Cotações
Variacao_Pct;26/08/2025;Cotações
Variacao_Pct;27/08/2025;Cotações
Variacao_Pct;28/08/2025;Cotações
Variacao_Pct;29/08/2025;Cotações
Variacao_Pct;01/09/2025;Cotações
Variacao_Pct;02/09/2025;Cotações
Variacao_Pct;03/09/2025;Cotações
Variacao_Pct;04/09/2025;Cotações
Variacao_Pct;05/09/2025;Cotações
Variacao_Pct;08/09/2025;Cotações
Variacao_Pct;09/09/2025;Cotações
Variacao_Pct;10/09/2025;Cotações
Variacao_Pct;11/09/2025;Cotações
Variacao_Pct;12/09/2025;Cotações
Variacao_Pct;15/09/2025;Cotações
Variacao_Pct;16/09/2025;Cotações
Variacao_Pct;17/09/2025;Cotações
Variacao_Pct;18/09/2025;Cotações
Variacao_Pct;19/09/2025;Cotações
Variacao_Pct;22/09/2025;Cotações
Variacao_Pct;23/09/2025;Cotações
Variacao_Pct;24/09/2025;Cotações
Variacao_Pct;25/09/2025;Cotações
Variacao_Pct;26/09/2025;Cotações
Variacao_Pct;29/09/2025;Cotações
Variacao_Pct;30/09/2025;Cotações
Variacao_Pct;01/10/2025;Cotações
Variacao_Pct;02/10/2025;Cotações
Variacao_Pct;03/10/2025;Cotações
Variacao_Pct;06/10/2025;Cotações
Variacao_Pct;07/10/2025;Cotações
Variacao_Pct;08/10/2025;Cotações
Variacao_Pct;09/10/2025;Cotações
Variacao_Pct;10/10/2025;Cotações
Variacao_Pct;13/10/2025;Cotações
Variacao_Pct;14/10/2025;Cotações
Variacao_Pct;15/10/2025;Cotações
Variacao_Pct;16/10/2025;Cotações
Variacao_Pct;17/10/2025;Cotações
Variacao_Pct;20/10/2025;Cotações
Variacao_Pct;21/10/2025;Cotações
Variacao_Pct;22/10/2025;Cotações
Variacao_Pct;23/10/2025;Cotações
Variacao_Pct;24/10/2025;Cotações
Variacao_Pct;27/10/2025;Cotações
Variacao_Pct;28/10/2025;Cotações
Variacao_Pct;29/10/2025;Cotações
Variacao_Pct;30/10/2025;Cotações
Variacao_Pct;31/10/2025;Cotações
Variacao_Pct;03/11/2025;Cotações
Variacao_Pct;04/11/2025;Cotações
Variacao_Pct;05/11/2025;Cotações
Variacao_Pct;06/11/2025;Cotações
Variacao_Pct;07/11/2025;Cotações
Variacao_Pct;10/11/2025;Cotações
Variacao_Pct;11/11/2025;Cotações
Variacao_Pct;12/11/2025;Cotações
Variacao_Pct;13/11/2025;Cotações
Variacao_Pct;14/11/2025;Cotações
Variacao_Pct;17/11/2025;Cotações
Variacao_Pct;18/11/2025;Cotações
Variacao_Pct;19/11/2025;Cotações
Variacao_Pct;21/11/2025;Cotações
Variacao_Pct;24/11/2025;Cotações
Variacao_Pct;25/11/2025;Cotações
Variacao_Pct;26/11/2025;Cotações
Variacao_Pct;27/11/2025;Cotações
Variacao_Pct;28/11/2025;Cotações
Variacao_Pct;01/12/2025;Cotações
Variacao_Pct;02/12/2025;Cotações
Variacao_Pct;03/12/2025;Cotações
Variacao_Pct;04/12/2025;Cotações
Variacao_Pct;05/12/2025;Cotações
Variacao_Pct;08/12/2025;Cotações
Variacao_Pct;09/12/2025;Cotações
Variacao_Pct;10/12/2025;Cotações
Variacao_Pct;11/12/2025;Cotações
Variacao_Pct;12/12/2025;Cotações
Variacao_Pct;15/12/2025;Cotações
Variacao_Pct;16/12/2025;Cotações
Variacao_Pct;17/12/2025;Cotações
Variacao_Pct;18/12/2025;Cotações
Variacao_Pct;19/12/2025;Cotações
Variacao_Pct;22/12/2025;Cotações
Variacao_Pct;23/12/2025;Cotações
Variacao_Pct;26/12/2025;Cotações
Variacao_Pct;29/12/2025;Cotações
Variacao_Pct;30/12/2025;Cotações
Variacao_Pct;02/01/2026;Cotações
Variacao_Pct;05/01/2026;Cotações
Variacao_Pct;06/01/2026;Cotações
Variacao_Pct;07/01/2026;Cotações
Variacao_Pct;08/01/2026;Cotações
Variacao_Pct;09/01/2026;Cotações
Variacao_Pct;12/01/2026;Cotações
Variacao_Pct;13/01/2026;Cotações
Variacao_Pct;14/01/2026;Cotações
Variacao_Pct;15/01/2026;Cotações
Variacao_Pct;16/01/2026;Cotações
Variacao_Pct;19/01/2026;Cotações
Variacao_Pct;20/01/2026;Cotações
Variacao_Pct;21/01/2026;Cotações
Variacao_Pct;22/01/2026;Cotações
Variacao_Pct;23/01/2026;Cotações
Variacao_Pct;26/01/2026;Cotações
Variacao_Pct;27/01/2026;Cotações
Variacao_Pct;28/01/2026;Cotações
Variacao_Pct;29/01/2026;Cotações
Variacao_Pct;30/01/2026;Cotações
Variacao_Pct;02/02/2026;Cotações
Variacao_Pct;03/02/2026;Cotações
Variacao_Pct;04/02/2026;Cotações
Variacao_Pct;05/02/2026;Cotações
Variacao_Pct;06/02/2026;Cotações
Variacao_Pct;09/02/2026;Cotações
Variacao_Pct;10/02/2026;Cotações
Variacao_Pct;11/02/2026;Cotações
Variacao_Pct;12/02/2026;Cotações
Variacao_Pct;13/02/2026;Cotações
Variacao_Pct;18/02/2026;Cotações
Variacao_Pct;19/02/2026;Cotações
Variacao_Pct;20/02/2026;Cotações
Variacao_Pct;23/02/2026;Cotações
Variacao_Pct;24/02/2026;Cotações
Variacao_Pct;25/02/2026;Cotações
Variacao_Pct;26/02/2026;Cotações
Variacao_Pct;27/02/2026;Cotações
Variacao_Pct;02/03/2026;Cotações
Variacao_Pct;03/03/2026;Cotações
Variacao_Pct;04/03/2026;Cotações
Variacao_Pct;05/03/2026;Cotações
Variacao_Pct;06/03/2026;Cotações
Variacao_Pct;09/03/2026;Cotações
Variacao_Pct;10/03/2026;Cotações
Variacao_Pct;11/03/2026;Cotações
Variacao_Pct;12/03/2026;Cotações
Variacao_Pct;13/03/2026;Cotações
Variacao_Pct;16/03/2026;Cotações
Variacao_Pct;17/03/2026;Cotações
Variacao_Pct;18/03/2026;Cotações
Variacao_Pct;19/03/2026;Cotações
Variacao_Pct;20/03/2026;Cotações
Variacao_Pct;23/03/2026;Cotações
Variacao_Pct;24/03/2026;Cotações
Variacao_Pct;25/03/2026;Cotações
Variacao_Pct;26/03/2026;Cotações
Variacao_Pct;27/03/2026;Cotações
Variacao_Pct;30/03/2026;Cotações
Variacao_Pct;31/03/2026;Cotações
Variacao_Pct;01/04/2026;Cotações
Variacao_Pct;02/04/2026;Cotações
Variacao_Pct;06/04/2026;Cotações
Variacao_Pct;07/04/2026;Cotações
Variacao_Pct;08/04/2026;Cotações
Variacao_Pct;09/04/2026;Cotações
Variacao_Pct;10/04/2026;Cotações
Variacao_Pct;13/04/2026;Cotações
Variacao_Pct;14/04/2026;Cotações
Variacao_Pct;15/04/2026;Cotações
Variacao_Pct;16/04/2026;Cotações
Variacao_Pct;17/04/2026;Cotações
Variacao_Pct;20/04/2026;Cotações
Variacao_Pct;22/04/2026;Cotações
Variacao_Pct;23/04/2026;Cotações
Variacao_Pct;24/04/2026;Cotações
Variacao_Pct;27/04/2026;Cotações
Variacao_Pct;28/04/2026;Cotações
Variacao_Pct;29/04/2026;Cotações
Variacao_Pct;30/04/2026;Cotações
Variacao_Pct;04/05/2026;Cotações
Variacao_Pct;05/05/2026;Cotações
Variacao_Pct;06/05/2026;Cotações
Variacao_Pct;07/05/2026;Cotações
Variacao_Pct;08/05/2026;Cotações
Variacao_Pct;11/05/2026;Cotações
Variacao_Pct;12/05/2026;Cotações
Variacao_Pct;13/05/2026;Cotações
Variacao_Pct;14/05/2026;Cotações
Variacao_Pct;15/05/2026;Cotações
Variacao_Pct;18/05/2026;Cotações
Variacao_Pct;19/05/2026;Cotações
Variacao_Pct;20/05/2026;Cotações
Variacao_Pct;21/05/2026;Cotações
Variacao_Pct;22/05/2026;Cotações
Variacao_Pct;25/05/2026;Cotações
Variacao_Pct;26/05/2026;Cotações
Variacao_Pct;27/05/2026;Cotações
Variacao_Pct;28/05/2026;Cotações
Variacao_Pct;29/05/2026;Cotações
Variacao_Pct;01/06/2026;Cotações
Variacao_Pct;02/06/2026;Cotações
Variacao_Pct;03/06/2026;Cotações
Variacao_Pct;05/06/2026;Cotações
Variacao_Pct;08/06/2026;Cotações
Variacao_Pct;09/06/2026;Cotações
Variacao_Pct;10/06/2026;Cotações
Variacao_Pct;11/06/2026;Cotações
Variacao_Pct;12/06/2026;Cotações
Variacao_Pct;15/06/2026;Cotações
Variacao_Pct;16/06/2026;Cotações
Variacao_Pct;17/06/2026;Cotações
Variacao_Pct;18/06/2026;Cotações
Variacao_Pct;19/06/2026;Cotações
Variacao_Pct;22/06/2026;Cotações
Variacao_Pct;23/06/2026;Cotações
Variacao_Pct;24/06/2026;Cotações
Variacao_Pct;25/06/2026;Cotações
Variacao_Pct;26/06/2026;Cotações
Variacao_Pct;29/06/2026;Cotações
Variacao_Pct;30/06/2026;Cotações
Variacao_Pct;01/07/2026;Cotações
Variacao_Pct;02/07/2026;Cotações
Variacao_Pct;03/07/2026;Cotações
Variacao_Pct;06/07/2026;Cotações
Variacao_Pct;07/07/2026;Cotações
Variacao_Pct;08/07/2026;Cotações
Variacao_Pct;09/07/2026;Cotações
Variacao_Pct;10/07/2026;Cotações
Variacao_Pct;13/07/2026;Cotações
Variacao_Pct;14/07/2026;Cotações
Variacao_Pct;15/07/2026;Cotações
Variacao_Pct;16/07/2026;Cotações
Variacao_Pct;17/07/2026;Cotações
Variacao_Pct;20/07/2026;Cotações
Variacao_Pct;21/07/2026;Cotações
Variacao_Pct;22/07/2026;Cotações
Variacao_Pct;23/07/2026;Cotações
Variacao_Pct;24/07/2026;Cotações
Variacao_Pct;27/07/2026;Cotações
Variacao_Pct;28/07/2026;Cotações
Variacao_Pct;29/07/2026;Cotações
Variacao_Pct;30/07/2026;Cotações
Variacao_Pct;31/07/2026;Cotações
Variacao_Pct;03/08/2026;Cotações
Variacao_Pct;04/08/2026;Cotações
Variacao_Pct;05/08/2026;Cotações
Variacao_Pct;06/08/2026;Cotações
Variacao_Pct;07/08/2026;Cotações
Variacao_Pct;10/08/2026;Cotações
Variacao_Pct;11/08/2026;Cotações
Variacao_Pct;12/08/2026;Cotações
Variacao_Pct;13/08/2026;Cotações
Variacao_Pct;14/08/2026;Cotações
Variacao_Pct;17/08/2026;Cotações
Variacao_Pct;18/08/2026;Cotações
Variacao_Pct;19/08/2026;Cotações
Variacao_Pct;20/08/2026;Cotações
Variacao_Pct;21/08/2026;Cotações
Variacao_Pct;24/08/2026;Cotações
Variacao_Pct;25/08/2026;Cotações
Variacao_Pct;26/08/2026;Cotações
Variacao_Pct;27/08/2026;Cotações
Variacao_Pct;28/08/2026;Cotações
Variacao_Pct;31/08/2026;Cotações
Variacao_Pct;01/09/2026;Cotações
Variacao_Pct;02/09/2026;Cotações
Variacao_Pct;03/09/2026;Cotações
Variacao_Pct;04/09/2026;Cotações
Variacao_Pct;08/09/2026;Cotações
Variacao_Pct;09/09/2026;Cotações
Variacao_Pct;10/09/2026;Cotações
Variacao_Pct;11/09/2026;Cotações
Variacao_Pct;14/09/2026;Cotações
Variacao_Pct;15/09/2026;Cotações
Variacao_Pct;16/09/2026;Cotações
Variacao_Pct;17/09/2026;Cotações
Variacao_Pct;18/09/2026;Cotações
Variacao_Pct;21/09/2026;Cotações
Variacao_Pct;22/09/2026;Cotações
Variacao_Pct;23/09/2026;Cotações
Variacao_Pct;24/09/2026;Cotações
Variacao_Pct;25/09/2026;Cotações
Num_Negocios;02/01/2018;Cotações
Num_Negocios;03/01/2018;Cotações
Num_Negocios;04/01/2018;Cotações
Num_Negocios;05/01/2018;Cotações
Num_Negocios;08/01/2018;Cotações
Num_Negocios;09/01/2018;Cotações
Num_Negocios;10/01/2018;Cotações
Num_Negocios;11/01/2018;Cotações
Num_Negocios;12/01/2018;Cotações
Num_Negocios;15/01/2018;Cotações
Num_Negocios;16/01/2018;Cotações
Num_Negocios;17/01/2018;Cotações
Num_Negocios;18/01/2018;Cotações
Num_Negocios;19/01/2018;Cotações
Num_Negocios;22/01/2018;Cotações
Num_Negocios;23/01/2018;Cotações
Num_Negocios;24/01/2018;Cotações
Num_Negocios;26/01/2018;Cotações
Num_Negocios;29/01/2018;Cotações
Num_Negocios;30/01/2018;Cotações
Num_Negocios;31/01/2018;Cotações
Num_Negocios;01/02/2018;Cotações
Num_Negocios;02/02/2018;Cotações
Num_Negocios;05/02/2018;Cotações
Num_Negocios;06/02/2018;Cotações
Num_Negocios;07/02/2018;Cotações
Num_Negocios;08/02/2018;Cotações
Num_Negocios;09/02/2018;Cotações
Num_Negocios;14/02/2018;Cotações
Num_Negocios;15/02/2018;Cotações
Num_Negocios;16/02/2018;Cotações
Num_Negocios;19/02/2018;Cotações
Num_Negocios;20/02/2018;Cotações
Num_Negocios;21/02/2018;Cotações
Num_Negocios;22/02/2018;Cotações
Num_Negocios;23/02/2018;Cotações
Num_Negocios;26/02/2018;Cotações
Num_Negocios;27/02/2018;Cotações
Num_Negocios;28/02/2018;Cotações
Num_Negocios;01/03/2018;Cotações
Num_Negocios;02/03/2018;Cotações
Num_Negocios;05/03/2018;Cotações
Num_Negocios;06/03/2018;Cotações
Num_Negocios;07/03/2018;Cotações
Num_Negocios;08/03/2018;Cotações
Num_Negocios;09/03/2018;Cotações
Num_Negocios;12/03/2018;Cotações
Num_Negocios;13/03/2018;Cotações
Num_Negocios;14/03/2018;Cotações
Num_Negocios;15/03/2018;Cotações
Num_Negocios;16/03/2018;Cotações
Num_Negocios;19/03/2018;Cotações
Num_Negocios;20/03/2018;Cotações
Num_Negocios;21/03/2018;Cotações
Num_Negocios;22/03/2018;Cotações
Num_Negocios;23/03/2018;Cotações
Num_Negocios;26/03/2018;Cotações
Num_Negocios;27/03/2018;Cotações
Num_Negocios;28/03/2018;Cotações
Num_Negocios;29/03/2018;Cotações
Num_Negocios;02/04/2018;Cotações
Num_Negocios;03/04/2018;Cotações
Num_Negocios;04/04/2018;Cotações
Num_Negocios;05/04/2018;Cotações
Num_Negocios;06/04/2018;Cotações
Num_Negocios;09/04/2018;Cotações
Num_Negocios;10/04/2018;Cotações
Num_Negocios;11/04/2018;Cotações
Num_Negocios;12/04/2018;Cotações
Num_Negocios;13/04/2018;Cotações
Num_Negocios;16/04/2018;Cotações
Num_Negocios;17/04/2018;Cotações
Num_Negocios;18/04/2018;Cotações
Num_Negocios;19/04/2018;Cotações
Num_Negocios;20/04/2018;Cotações
Num_Negocios;23/04/2018;Cotações
Num_Negocios;24/04/2018;Cotações
Num_Negocios;25/04/2018;Cotações
Num_Negocios;26/04/2018;Cotações
Num_Negocios;27/04/2018;Cotações
Num_Negocios;30/04/2018;Cotações
Num_Negocios;02/05/2018;Cotações
Num_Negocios;03/05/2018;Cotações
Num_Negocios;04/05/2018;Cotações
Num_Negocios;07/05/2018;Cotações
Num_Negocios;08/05/2018;Cotações
Num_Negocios;09/05/2018;Cotações
Num_Negocios;10/05/2018;Cotações
Num_Negocios;11/05/2018;Cotações
Num_Negocios;14/05/2018;Cotações
Num_Negocios;15/05/2018;Cotações
Num_Negocios;16/05/2018;Cotações
Num_Negocios;17/05/2018;Cotações
Num_Negocios;18/05/2018;Cotações
Num_Negocios;21/05/2018;Cotações
Num_Negocios;22/05/2018;Cotações
Num_Negocios;23/05/2018;Cotações
Num_Negocios;24/05/2018;Cotações
Num_Negocios;25/05/2018;Cotações
Num_Negocios;28/05/2018;Cotações
Num_Negocios;29/05/2018;Cotações
Num_Negocios;30/05/2018;Cotações
Num_Negocios;01/06/2018;Cotações
Num_Negocios;04/06/2018;Cotações
Num_Negocios;05/06/2018;Cotações
Num_Negocios;06/06/2018;Cotações
Num_Negocios;07/06/2018;Cotações
Num_Negocios;08/06/2018;Cotações
Num_Negocios;11/06/2018;Cotações
Num_Negocios;12/06/2018;Cotações
Num_Negocios;13/06/2018;Cotações
Num_Negocios;14/06/2018;Cotações
Num_Negocios;15/06/2018;Cotações
Num_Negocios;18/06/2018;Cotações
Num_Negocios;19/06/2018;Cotações
Num_Negocios;20/06/2018;Cotações
Num_Negocios;21/06/2018;Cotações
Num_Negocios;22/06/2018;Cotações
Num_Negocios;25/06/2018;Cotações
Num_Negocios;26/06/2018;Cotações
Num_Negocios;27/06/2018;Cotações
Num_Negocios;28/06/2018;Cotações
Num_Negocios;29/06/2018;Cotações
Num_Negocios;02/07/2018;Cotações
Num_Negocios;03/07/2018;Cotações
Num_Negocios;04/07/2018;Cotações
Num_Negocios;05/07/2018;Cotações
Num_Negocios;06/07/2018;Cotações
Num_Negocios;10/07/2018;Cotações
Num_Negocios;11/07/2018;Cotações
Num_Negocios;12/07/2018;Cotações
Num_Negocios;13/07/2018;Cotações
Num_Negocios;16/07/2018;Cotações
Num_Negocios;17/07/2018;Cotações
Num_Negocios;18/07/2018;Cotações
Num_Negocios;19/07/2018;Cotações
Num_Negocios;20/07/2018;Cotações
Num_Negocios;23/07/2018;Cotações
Num_Negocios;24/07/2018;Cotações
Num_Negocios;25/07/2018;Cotações
Num_Negocios;26/07/2018;Cotações
Num_Negocios;27/07/2018;Cotações
Num_Negocios;30/07/2018;Cotações
Num_Negocios;31/07/2018;Cotações
Num_Negocios;01/08/2018;Cotações
Num_Negocios;02/08/2018;Cotações
Num_Negocios;03/08/2018;Cotações
Num_Negocios;06/08/2018;Cotações
Num_Negocios;07/08/2018;Cotações
Num_Negocios;08/08/2018;Cotações
Num_Negocios;09/08/2018;Cotações
Num_Negocios;10/08/2018;Cotações
Num_Negocios;13/08/2018;Cotações
Num_Negocios;14/08/2018;Cotações
Num_Negocios;15/08/2018;Cotações
Num_Negocios;16/08/2018;Cotações
Num_Negocios;17/08/2018;Cotações
Num_Negocios;20/08/2018;Cotações
Num_Negocios;21/08/2018;Cotações
Num_Negocios;22/08/2018;Cotações
Num_Negocios;23/08/2018;Cotações
Num_Negocios;24/08/2018;Cotações
Num_Negocios;27/08/2018;Cotações
Num_Negocios;28/08/2018;Cotações
Num_Negocios;29/08/2018;Cotações
Num_Negocios;30/08/2018;Cotações
Num_Negocios;31/08/2018;Cotações
Num_Negocios;03/09/2018;Cotações
Num_Negocios;04/09/2018;Cotações
Num_Negocios;05/09/2018;Cotações
Num_Negocios;06/09/2018;Cotações
Num_Negocios;10/09/2018;Cotações
Num_Negocios;11/09/2018;Cotações
Num_Negocios;12/09/2018;Cotações
Num_Negocios;13/09/2018;Cotações
Num_Negocios;14/09/2018;Cotações
Num_Negocios;17/09/2018;Cotações
Num_Negocios;18/09/2018;Cotações
Num_Negocios;19/09/2018;Cotações
Num_Negocios;20/09/2018;Cotações
Num_Negocios;21/09/2018;Cotações
Num_Negocios;24/09/2018;Cotações
Num_Negocios;25/09/2018;Cotações
Num_Negocios;26/09/2018;Cotações
Num_Negocios;27/09/2018;Cotações
Num_Negocios;28/09/2018;Cotações
Num_Negocios;01/10/2018;Cotações
Num_Negocios;02/10/2018;Cotações
Num_Negocios;03/10/2018;Cotações
Num_Negocios;04/10/2018;Cotações
Num_Negocios;05/10/2018;Cotações
Num_Negocios;08/10/2018;Cotações
Num_Negocios;09/10/2018;Cotações
Num_Negocios;10/10/2018;Cotações
Num_Negocios;11/10/2018;Cotações
Num_Negocios;15/10/2018;Cotações
Num_Negocios;16/10/2018;Cotações
Num_Negocios;17/10/2018;Cotações
Num_Negocios;18/10/2018;Cotações
Num_Negocios;19/10/2018;Cotações
Num_Negocios;22/10/2018;Cotações
Num_Negocios;23/10/2018;Cotações
Num_Negocios;24/10/2018;Cotações
Num_Negocios;25/10/2018;Cotações
Num_Negocios;26/10/2018;Cotações
Num_Negocios;29/10/2018;Cotações
Num_Negocios;30/10/2018;Cotações
Num_Negocios;31/10/2018;Cotações
Num_Negocios;01/11/2018;Cotações
Num_Negocios;05/11/2018;Cotações
Num_Negocios;06/11/2018;Cotações
Num_Negocios;07/11/2018;Cotações
Num_Negocios;08/11/2018;Cotações
Num_Negocios;09/11/2018;Cotações
Num_Negocios;12/11/2018;Cotações
Num_Negocios;13/11/2018;Cotações
Num_Negocios;14/11/2018;Cotações
Num_Negocios;16/11/2018;Cotações
Num_Negocios;19/11/2018;Cotações
Num_Negocios;21/11/2018;Cotações
Num_Negocios;22/11/2018;Cotações
Num_Negocios;23/11/2018;Cotações
Num_Negocios;26/11/2018;Cotações
Num_Negocios;27/11/2018;Cotações
Num_Negocios;28/11/2018;Cotações
Num_Negocios;29/11/2018;Cotações
Num_Negocios;30/11/2018;Cotações
Num_Negocios;03/12/2018;Cotações
Num_Negocios;04/12/2018;Cotações
Num_Negocios;05/12/2018;Cotações
Num_Negocios;06/12/2018;Cotações
Num_Negocios;07/12/2018;Cotações
Num_Negocios;10/12/2018;Cotações
Num_Negocios;11/12/2018;Cotações
Num_Negocios;12/12/2018;Cotações
Num_Negocios;13/12/2018;Cotações
Num_Negocios;14/12/2018;Cotações
Num_Negocios;17/12/2018;Cotações
Num_Negocios;18/12/2018;Cotações
Num_Negocios;19/12/2018;Cotações
Num_Negocios;20/12/2018;Cotações
Num_Negocios;21/12/2018;Cotações
Num_Negocios;26/12/2018;Cotações
Num_Negocios;27/12/2018;Cotações
Num_Negocios;28/12/2018;Cotações
Num_Negocios;02/01/2019;Cotações
Num_Negocios;03/01/2019;Cotações
Num_Negocios;04/01/2019;Cotações
Num_Negocios;07/01/2019;Cotações
Num_Negocios;08/01/2019;Cotações
Num_Negocios;09/01/2019;Cotações
Num_Negocios;10/01/2019;Cotações
Num_Negocios;11/01/2019;Cotações
Num_Negocios;14/01/2019;Cotações
Num_Negocios;15/01/2019;Cotações
Num_Negocios;16/01/2019;Cotações
Num_Negocios;17/01/2019;Cotações
Num_Negocios;18/01/2019;Cotações
Num_Negocios;21/01/2019;Cotações
Num_Negocios;22/01/2019;Cotações
Num_Negocios;23/01/2019;Cotações
Num_Negocios;24/01/2019;Cotações
Num_Negocios;28/01/2019;Cotações
Num_Negocios;29/01/2019;Cotações
Num_Negocios;30/01/2019;Cotações
Num_Negocios;31/01/2019;Cotações
Num_Negocios;01/02/2019;Cotações
Num_Negocios;04/02/2019;Cotações
Num_Negocios;05/02/2019;Cotações
Num_Negocios;06/02/2019;Cotações
Num_Negocios;07/02/2019;Cotações
Num_Negocios;08/02/2019;Cotações
Num_Negocios;11/02/2019;Cotações
Num_Negocios;12/02/2019;Cotações
Num_Negocios;13/02/2019;Cotações
Num_Negocios;14/02/2019;Cotações
Num_Negocios;15/02/2019;Cotações
Num_Negocios;18/02/2019;Cotações
Num_Negocios;19/02/2019;Cotações
Num_Negocios;20/02/2019;Cotações
Num_Negocios;21/02/2019;Cotações
Num_Negocios;22/02/2019;Cotações
Num_Negocios;25/02/2019;Cotações
Num_Negocios;26/02/2019;Cotações
Num_Negocios;27/02/2019;Cotações
Num_Negocios;28/02/2019;Cotações
Num_Negocios;01/03/2019;Cotações
Num_Negocios;06/03/2019;Cotações
Num_Negocios;07/03/2019;Cotações
Num_Negocios;08/03/2019;Cotações
Num_Negocios;11/03/2019;Cotações
Num_Negocios;12/03/2019;Cotações
Num_Negocios;13/03/2019;Cotações
Num_Negocios;14/03/2019;Cotações
Num_Negocios;15/03/2019;Cotações
Num_Negocios;18/03/2019;Cotações
Num_Negocios;19/03/2019;Cotações
Num_Negocios;20/03/2019;Cotações
Num_Negocios;21/03/2019;Cotações
Num_Negocios;22/03/2019;Cotações
Num_Negocios;25/03/2019;Cotações
Num_Negocios;26/03/2019;Cotações
Num_Negocios;27/03/2019;Cotações
Num_Negocios;28/03/2019;Cotações
Num_Negocios;29/03/2019;Cotações
Num_Negocios;01/04/2019;Cotações
Num_Negocios;02/04/2019;Cotações
Num_Negocios;03/04/2019;Cotações
Num_Negocios;04/04/2019;Cotações
Num_Negocios;05/04/2019;Cotações
Num_Negocios;08/04/2019;Cotações
Num_Negocios;09/04/2019;Cotações
Num_Negocios;10/04/2019;Cotações
Num_Negocios;11/04/2019;Cotações
Num_Negocios;12/04/2019;Cotações
Num_Negocios;15/04/2019;Cotações
Num_Negocios;16/04/2019;Cotações
Num_Negocios;17/04/2019;Cotações
Num_Negocios;18/04/2019;Cotações
Num_Negocios;22/04/2019;Cotações
Num_Negocios;23/04/2019;Cotações
Num_Negocios;24/04/2019;Cotações
Num_Negocios;25/04/2019;Cotações
Num_Negocios;26/04/2019;Cotações
Num_Negocios;29/04/2019;Cotações
Num_Negocios;30/04/2019;Cotações
Num_Negocios;02/05/2019;Cotações
Num_Negocios;03/05/2019;Cotações
Num_Negocios;06/05/2019;Cotações
Num_Negocios;07/05/2019;Cotações
Num_Negocios;08/05/2019;Cotações
Num_Negocios;09/05/2019;Cotações
Num_Negocios;10/05/2019;Cotações
Num_Negocios;13/05/2019;Cotações
Num_Negocios;14/05/2019;Cotações
Num_Negocios;15/05/2019;Cotações
Num_Negocios;16/05/2019;Cotações
Num_Negocios;17/05/2019;Cotações
Num_Negocios;20/05/2019;Cotações
Num_Negocios;21/05/2019;Cotações
Num_Negocios;22/05/2019;Cotações
Num_Negocios;23/05/2019;Cotações
Num_Negocios;24/05/2019;Cotações
Num_Negocios;27/05/2019;Cotações
Num_Negocios;28/05/2019;Cotações
Num_Negocios;29/05/2019;Cotações
Num_Negocios;30/05/2019;Cotações
Num_Negocios;31/05/2019;Cotações
Num_Negocios;03/06/2019;Cotações
Num_Negocios;04/06/2019;Cotações
Num_Negocios;05/06/2019;Cotações
Num_Negocios;06/06/2019;Cotações
Num_Negocios;07/06/2019;Cotações
Num_Negocios;10/06/2019;Cotações
Num_Negocios;11/06/2019;Cotações
Num_Negocios;12/06/2019;Cotações
Num_Negocios;13/06/2019;Cotações
Num_Negocios;14/06/2019;Cotações
Num_Negocios;17/06/2019;Cotações
Num_Negocios;18/06/2019;Cotações
Num_Negocios;19/06/2019;Cotações
Num_Negocios;21/06/2019;Cotações
Num_Negocios;24/06/2019;Cotações
Num_Negocios;25/06/2019;Cotações
Num_Negocios;26/06/2019;Cotações
Num_Negocios;27/06/2019;Cotações
Num_Negocios;28/06/2019;Cotações
Num_Negocios;01/07/2019;Cotações
Num_Negocios;02/07/2019;Cotações
Num_Negocios;03/07/2019;Cotações
Num_Negocios;04/07/2019;Cotações
Num_Negocios;05/07/2019;Cotações
Num_Negocios;08/07/2019;Cotações
Num_Negocios;10/07/2019;Cotações
Num_Negocios;11/07/2019;Cotações
Num_Negocios;12/07/2019;Cotações
Num_Negocios;15/07/2019;Cotações
Num_Negocios;16/07/2019;Cotações
Num_Negocios;17/07/2019;Cotações
Num_Negocios;18/07/2019;Cotações
Num_Negocios;19/07/2019;Cotações
Num_Negocios;22/07/2019;Cotações
Num_Negocios;23/07/2019;Cotações
Num_Negocios;24/07/2019;Cotações
Num_Negocios;25/07/2019;Cotações
Num_Negocios;26/07/2019;Cotações
Num_Negocios;29/07/2019;Cotações
Num_Negocios;30/07/2019;Cotações
Num_Negocios;31/07/2019;Cotações
Num_Negocios;01/08/2019;Cotações
Num_Negocios;02/08/2019;Cotações
Num_Negocios;05/08/2019;Cotações
Num_Negocios;06/08/2019;Cotações
Num_Negocios;07/08/2019;Cotações
Num_Negocios;08/08/2019;Cotações
Num_Negocios;09/08/2019;Cotações
Num_Negocios;12/08/2019;Cotações
Num_Negocios;13/08/2019;Cotações
Num_Negocios;14/08/2019;Cotações
Num_Negocios;15/08/2019;Cotações
Num_Negocios;16/08/2019;Cotações
Num_Negocios;19/08/2019;Cotações
Num_Negocios;20/08/2019;Cotações
Num_Negocios;21/08/2019;Cotações
Num_Negocios;22/08/2019;Cotações
Num_Negocios;23/08/2019;Cotações
Num_Negocios;26/08/2019;Cotações
Num_Negocios;27/08/2019;Cotações
Num_Negocios;28/08/2019;Cotações
Num_Negocios;29/08/2019;Cotações
Num_Negocios;30/08/2019;Cotações
Num_Negocios;02/09/2019;Cotações
Num_Negocios;03/09/2019;Cotações
Num_Negocios;04/09/2019;Cotações
Num_Negocios;05/09/2019;Cotações
Num_Negocios;06/09/2019;Cotações
Num_Negocios;09/09/2019;Cotações
Num_Negocios;10/09/2019;Cotações
Num_Negocios;11/09/2019;Cotações
Num_Negocios;12/09/2019;Cotações
Num_Negocios;13/09/2019;Cotações
Num_Negocios;16/09/2019;Cotações
Num_Negocios;17/09/2019;Cotações
Num_Negocios;18/09/2019;Cotações
Num_Negocios;19/09/2019;Cotações
Num_Negocios;20/09/2019;Cotações
Num_Negocios;23/09/2019;Cotações
Num_Negocios;24/09/2019;Cotações
Num_Negocios;25/09/2019;Cotações
Num_Negocios;26/09/2019;Cotações
Num_Negocios;27/09/2019;Cotações
Num_Negocios;30/09/2019;Cotações
Num_Negocios;01/10/2019;Cotações
Num_Negocios;02/10/2019;Cotações
Num_Negocios;03/10/2019;Cotações
Num_Negocios;04/10/2019;Cotações
Num_Negocios;07/10/2019;Cotações
Num_Negocios;08/10/2019;Cotações
Num_Negocios;09/10/2019;Cotações
Num_Negocios;10/10/2019;Cotações
Num_Negocios;11/10/2019;Cotações
Num_Negocios;14/10/2019;Cotações
Num_Negocios;15/10/2019;Cotações
Num_Negocios;16/10/2019;Cotações
Num_Negocios;17/10/2019;Cotações
Num_Negocios;18/10/2019;Cotações
Num_Negocios;21/10/2019;Cotações
Num_Negocios;22/10/2019;Cotações
Num_Negocios;23/10/2019;Cotações
Num_Negocios;24/10/2019;Cotações
Num_Negocios;25/10/2019;Cotações
Num_Negocios;28/10/2019;Cotações
Num_Negocios;29/10/2019;Cotações
Num_Negocios;30/10/2019;Cotações
Num_Negocios;31/10/2019;Cotações
Num_Negocios;01/11/2019;Cotações
Num_Negocios;04/11/2019;Cotações
Num_Negocios;05/11/2019;Cotações
Num_Negocios;06/11/2019;Cotações
Num_Negocios;07/11/2019;Cotações
Num_Negocios;08/11/2019;Cotações
Num_Negocios;11/11/2019;Cotações
Num_Negocios;12/11/2019;Cotações
Num_Negocios;13/11/2019;Cotações
Num_Negocios;14/11/2019;Cotações
Num_Negocios;18/11/2019;Cotações
Num_Negocios;19/11/2019;Cotações
Num_Negocios;21/11/2019;Cotações
Num_Negocios;22/11/2019;Cotações
Num_Negocios;25/11/2019;Cotações
Num_Negocios;26/11/2019;Cotações
Num_Negocios;27/11/2019;Cotações
Num_Negocios;28/11/2019;Cotações
Num_Negocios;29/11/2019;Cotações
Num_Negocios;02/12/2019;Cotações
Num_Negocios;03/12/2019;Cotações
Num_Negocios;04/12/2019;Cotações
Num_Negocios;05/12/2019;Cotações
Num_Negocios;06/12/2019;Cotações
Num_Negocios;09/12/2019;Cotações
Num_Negocios;10/12/2019;Cotações
Num_Negocios;11/12/2019;Cotações
Num_Negocios;12/12/2019;Cotações
Num_Negocios;13/12/2019;Cotações
Num_Negocios;16/12/2019;Cotações
Num_Negocios;17/12/2019;Cotações
Num_Negocios;18/12/2019;Cotações
Num_Negocios;19/12/2019;Cotações
Num_Negocios;20/12/2019;Cotações
Num_Negocios;23/12/2019;Cotações
Num_Negocios;26/12/2019;Cotações
Num_Negocios;27/12/2019;Cotações
Num_Negocios;30/12/2019;Cotações
Num_Negocios;02/01/2020;Cotações
Num_Negocios;03/01/2020;Cotações
Num_Negocios;06/01/2020;Cotações
Num_Negocios;07/01/2020;Cotações
Num_Negocios;08/01/2020;Cotações
Num_Negocios;09/01/2020;Cotações
Num_Negocios;10/01/2020;Cotações
Num_Negocios;13/01/2020;Cotações
Num_Negocios;14/01/2020;Cotações
Num_Negocios;15/01/2020;Cotações
Num_Negocios;16/01/2020;Cotações
Num_Negocios;17/01/2020;Cotações
Num_Negocios;20/01/2020;Cotações
Num_Negocios;21/01/2020;Cotações
Num_Negocios;22/01/2020;Cotações
Num_Negocios;23/01/2020;Cotações
Num_Negocios;24/01/2020;Cotações
Num_Negocios;27/01/2020;Cotações
Num_Negocios;28/01/2020;Cotações
Num_Negocios;29/01/2020;Cotações
Num_Negocios;30/01/2020;Cotações
Num_Negocios;31/01/2020;Cotações
Num_Negocios;03/02/2020;Cotações
Num_Negocios;04/02/2020;Cotações
Num_Negocios;05/02/2020;Cotações
Num_Negocios;06/02/2020;Cotações
Num_Negocios;07/02/2020;Cotações
Num_Negocios;10/02/2020;Cotações
Num_Negocios;11/02/2020;Cotações
Num_Negocios;12/02/2020;Cotações
Num_Negocios;13/02/2020;Cotações
Num_Negocios;14/02/2020;Cotações
Num_Negocios;17/02/2020;Cotações
Num_Negocios;18/02/2020;Cotações
Num_Negocios;19/02/2020;Cotações
Num_Negocios;20/02/2020;Cotações
Num_Negocios;21/02/2020;Cotações
Num_Negocios;26/02/2020;Cotações
Num_Negocios;27/02/2020;Cotações
Num_Negocios;28/02/2020;Cotações
Num_Negocios;02/03/2020;Cotações
Num_Negocios;03/03/2020;Cotações
Num_Negocios;04/03/2020;Cotações
Num_Negocios;05/03/2020;Cotações
Num_Negocios;06/03/2020;Cotações
Num_Negocios;09/03/2020;Cotações
Num_Negocios;10/03/2020;Cotações
Num_Negocios;11/03/2020;Cotações
Num_Negocios;12/03/2020;Cotações
Num_Negocios;13/03/2020;Cotações
Num_Negocios;16/03/2020;Cotações
Num_Negocios;17/03/2020;Cotações
Num_Negocios;18/03/2020;Cotações
Num_Negocios;19/03/2020;Cotações
Num_Negocios;20/03/2020;Cotações
Num_Negocios;23/03/2020;Cotações
Num_Negocios;24/03/2020;Cotações
Num_Negocios;25/03/2020;Cotações
Num_Negocios;26/03/2020;Cotações
Num_Negocios;27/03/2020;Cotações
Num_Negocios;30/03/2020;Cotações
Num_Negocios;31/03/2020;Cotações
Num_Negocios;01/04/2020;Cotações
Num_Negocios;02/04/2020;Cotações
Num_Negocios;03/04/2020;Cotações
Num_Negocios;06/04/2020;Cotações
Num_Negocios;07/04/2020;Cotações
Num_Negocios;08/04/2020;Cotações
Num_Negocios;09/04/2020;Cotações
Num_Negocios;13/04/2020;Cotações
Num_Negocios;14/04/2020;Cotações
Num_Negocios;15/04/2020;Cotações
Num_Negocios;16/04/2020;Cotações
Num_Negocios;17/04/2020;Cotações
Num_Negocios;20/04/2020;Cotações
Num_Negocios;22/04/2020;Cotações
Num_Negocios;23/04/2020;Cotações
Num_Negocios;24/04/2020;Cotações
Num_Negocios;27/04/2020;Cotações
Num_Negocios;28/04/2020;Cotações
Num_Negocios;29/04/2020;Cotações
Num_Negocios;30/04/2020;Cotações
Num_Negocios;04/05/2020;Cotações
Num_Negocios;05/05/2020;Cotações
Num_Negocios;06/05/2020;Cotações
Num_Negocios;07/05/2020;Cotações
Num_Negocios;08/05/2020;Cotações
Num_Negocios;11/05/2020;Cotações
Num_Negocios;12/05/2020;Cotações
Num_Negocios;13/05/2020;Cotações
Num_Negocios;14/05/2020;Cotações
Num_Negocios;15/05/2020;Cotações
Num_Negocios;18/05/2020;Cotações
Num_Negocios;19/05/2020;Cotações
Num_Negocios;20/05/2020;Cotações
Num_Negocios;21/05/2020;Cotações
Num_Negocios;22/05/2020;Cotações
Num_Negocios;25/05/2020;Cotações
Num_Negocios;26/05/2020;Cotações
Num_Negocios;27/05/2020;Cotações
Num_Negocios;28/05/2020;Cotações
Num_Negocios;29/05/2020;Cotações
Num_Negocios;01/06/2020;Cotações
Num_Negocios;02/06/2020;Cotações
Num_Negocios;03/06/2020;Cotações
Num_Negocios;04/06/2020;Cotações
Num_Negocios;05/06/2020;Cotações
Num_Negocios;08/06/2020;Cotações
Num_Negocios;09/06/2020;Cotações
Num_Negocios;10/06/2020;Cotações
Num_Negocios;12/06/2020;Cotações
Num_Negocios;15/06/2020;Cotações
Num_Negocios;16/06/2020;Cotações
Num_Negocios;17/06/2020;Cotações
Num_Negocios;18/06/2020;Cotações
Num_Negocios;19/06/2020;Cotações
Num_Negocios;22/06/2020;Cotações
Num_Negocios;23/06/2020;Cotações
Num_Negocios;24/06/2020;Cotações
Num_Negocios;25/06/2020;Cotações
Num_Negocios;26/06/2020;Cotações
Num_Negocios;29/06/2020;Cotações
Num_Negocios;30/06/2020;Cotações
Num_Negocios;01/07/2020;Cotações
Num_Negocios;02/07/2020;Cotações
Num_Negocios;03/07/2020;Cotações
Num_Negocios;06/07/2020;Cotações
Num_Negocios;07/07/2020;Cotações
Num_Negocios;08/07/2020;Cotações
Num_Negocios;09/07/2020;Cotações
Num_Negocios;10/07/2020;Cotações
Num_Negocios;13/07/2020;Cotações
Num_Negocios;14/07/2020;Cotações
Num_Negocios;15/07/2020;Cotações
Num_Negocios;16/07/2020;Cotações
Num_Negocios;17/07/2020;Cotações
Num_Negocios;20/07/2020;Cotações
Num_Negocios;21/07/2020;Cotações
Num_Negocios;22/07/2020;Cotações
Num_Negocios;23/07/2020;Cotações
Num_Negocios;24/07/2020;Cotações
Num_Negocios;27/07/2020;Cotações
Num_Negocios;28/07/2020;Cotações
Num_Negocios;29/07/2020;Cotações
Num_Negocios;30/07/2020;Cotações
Num_Negocios;31/07/2020;Cotações
Num_Negocios;03/08/2020;Cotações
Num_Negocios;04/08/2020;Cotações
Num_Negocios;05/08/2020;Cotações
Num_Negocios;06/08/2020;Cotações
Num_Negocios;07/08/2020;Cotações
Num_Negocios;10/08/2020;Cotações
Num_Negocios;11/08/2020;Cotações
Num_Negocios;12/08/2020;Cotações
Num_Negocios;13/08/2020;Cotações
Num_Negocios;14/08/2020;Cotações
Num_Negocios;17/08/2020;Cotações
Num_Negocios;18/08/2020;Cotações
Num_Negocios;19/08/2020;Cotações
Num_Negocios;20/08/2020;Cotações
Num_Negocios;21/08/2020;Cotações
Num_Negocios;24/08/2020;Cotações
Num_Negocios;25/08/2020;Cotações
Num_Negocios;26/08/2020;Cotações
Num_Negocios;27/08/2020;Cotações
Num_Negocios;28/08/2020;Cotações
Num_Negocios;31/08/2020;Cotações
Num_Negocios;01/09/2020;Cotações
Num_Negocios;02/09/2020;Cotações
Num_Negocios;03/09/2020;Cotações
Num_Negocios;04/09/2020;Cotações
Num_Negocios;08/09/2020;Cotações
Num_Negocios;09/09/2020;Cotações
Num_Negocios;10/09/2020;Cotações
Num_Negocios;11/09/2020;Cotações
Num_Negocios;14/09/2020;Cotações
Num_Negocios;15/09/2020;Cotações
Num_Negocios;16/09/2020;Cotações
Num_Negocios;17/09/2020;Cotações
Num_Negocios;18/09/2020;Cotações
Num_Negocios;21/09/2020;Cotações
Num_Negocios;22/09/2020;Cotações
Num_Negocios;23/09/2020;Cotações
Num_Negocios;24/09/2020;Cotações
Num_Negocios;25/09/2020;Cotações
Num_Negocios;28/09/2020;Cotações
Num_Negocios;29/09/2020;Cotações
Num_Negocios;30/09/2020;Cotações
Num_Negocios;01/10/2020;Cotações
Num_Negocios;02/10/2020;Cotações
Num_Negocios;05/10/2020;Cotações
Num_Negocios;06/10/2020;Cotações
Num_Negocios;07/10/2020;Cotações
Num_Negocios;08/10/2020;Cotações
Num_Negocios;09/10/2020;Cotações
Num_Negocios;13/10/2020;Cotações
Num_Negocios;14/10/2020;Cotações
Num_Negocios;15/10/2020;Cotações
Num_Negocios;16/10/2020;Cotações
Num_Negocios;19/10/2020;Cotações
Num_Negocios;20/10/2020;Cotações
Num_Negocios;21/10/2020;Cotações
Num_Negocios;22/10/2020;Cotações
Num_Negocios;23/10/2020;Cotações
Num_Negocios;26/10/2020;Cotações
Num_Negocios;27/10/2020;Cotações
Num_Negocios;28/10/2020;Cotações
Num_Negocios;29/10/2020;Cotações
Num_Negocios;30/10/2020;Cotações
Num_Negocios;03/11/2020;Cotações
Num_Negocios;04/11/2020;Cotações
Num_Negocios;05/11/2020;Cotações
Num_Negocios;06/11/2020;Cotações
Num_Negocios;09/11/2020;Cotações
Num_Negocios;10/11/2020;Cotações
Num_Negocios;11/11/2020;Cotações
Num_Negocios;12/11/2020;Cotações
Num_Negocios;13/11/2020;Cotações
Num_Negocios;16/11/2020;Cotações
Num_Negocios;17/11/2020;Cotações
Num_Negocios;18/11/2020;Cotações
Num_Negocios;19/11/2020;Cotações
Num_Negocios;20/11/2020;Cotações
Num_Negocios;23/11/2020;Cotações
Num_Negocios;24/11/2020;Cotações
Num_Negocios;25/11/2020;Cotações
Num_Negocios;26/11/2020;Cotações
Num_Negocios;27/11/2020;Cotações
Num_Negocios;30/11/2020;Cotações
Num_Negocios;01/12/2020;Cotações
Num_Negocios;02/12/2020;Cotações
Num_Negocios;03/12/2020;Cotações
Num_Negocios;04/12/2020;Cotações
Num_Negocios;07/12/2020;Cotações
Num_Negocios;08/12/2020;Cotações
Num_Negocios;09/12/2020;Cotações
Num_Negocios;10/12/2020;Cotações
Num_Negocios;11/12/2020;Cotações
Num_Negocios;14/12/2020;Cotações
Num_Negocios;15/12/2020;Cotações
Num_Negocios;16/12/2020;Cotações
Num_Negocios;17/12/2020;Cotações
Num_Negocios;18/12/2020;Cotações
Num_Negocios;21/12/2020;Cotações
Num_Negocios;22/12/2020;Cotações
Num_Negocios;23/12/2020;Cotações
Num_Negocios;28/12/2020;Cotações
Num_Negocios;29/12/2020;Cotações
Num_Negocios;30/12/2020;Cotações
Num_Negocios;04/01/2021;Cotações
Num_Negocios;05/01/2021;Cotações
Num_Negocios;06/01/2021;Cotações
Num_Negocios;07/01/2021;Cotações
Num_Negocios;08/01/2021;Cotações
Num_Negocios;11/01/2021;Cotações
Num_Negocios;12/01/2021;Cotações
Num_Negocios;13/01/2021;Cotações
Num_Negocios;14/01/2021;Cotações
Num_Negocios;15/01/2021;Cotações
Num_Negocios;18/01/2021;Cotações
Num_Negocios;19/01/2021;Cotações
Num_Negocios;20/01/2021;Cotações
Num_Negocios;21/01/2021;Cotações
Num_Negocios;22/01/2021;Cotações
Num_Negocios;26/01/2021;Cotações
Num_Negocios;27/01/2021;Cotações
Num_Negocios;28/01/2021;Cotações
Num_Negocios;29/01/2021;Cotações
Num_Negocios;01/02/2021;Cotações
Num_Negocios;02/02/2021;Cotações
Num_Negocios;03/02/2021;Cotações
Num_Negocios;04/02/2021;Cotações
Num_Negocios;05/02/2021;Cotações
Num_Negocios;08/02/2021;Cotações
Num_Negocios;09/02/2021;Cotações
Num_Negocios;10/02/2021;Cotações
Num_Negocios;11/02/2021;Cotações
Num_Negocios;12/02/2021;Cotações
Num_Negocios;17/02/2021;Cotações
Num_Negocios;18/02/2021;Cotações
Num_Negocios;19/02/2021;Cotações
Num_Negocios;22/02/2021;Cotações
Num_Negocios;23/02/2021;Cotações
Num_Negocios;24/02/2021;Cotações
Num_Negocios;25/02/2021;Cotações
Num_Negocios;26/02/2021;Cotações
Num_Negocios;01/03/2021;Cotações
Num_Negocios;02/03/2021;Cotações
Num_Negocios;03/03/2021;Cotações
Num_Negocios;04/03/2021;Cotações
Num_Negocios;05/03/2021;Cotações
Num_Negocios;08/03/2021;Cotações
Num_Negocios;09/03/2021;Cotações
Num_Negocios;10/03/2021;Cotações
Num_Negocios;11/03/2021;Cotações
Num_Negocios;12/03/2021;Cotações
Num_Negocios;15/03/2021;Cotações
Num_Negocios;16/03/2021;Cotações
Num_Negocios;17/03/2021;Cotações
Num_Negocios;18/03/2021;Cotações
Num_Negocios;19/03/2021;Cotações
Num_Negocios;22/03/2021;Cotações
Num_Negocios;23/03/2021;Cotações
Num_Negocios;24/03/2021;Cotações
Num_Negocios;25/03/2021;Cotações
Num_Negocios;26/03/2021;Cotações
Num_Negocios;29/03/2021;Cotações
Num_Negocios;30/03/2021;Cotações
Num_Negocios;31/03/2021;Cotações
Num_Negocios;01/04/2021;Cotações
Num_Negocios;05/04/2021;Cotações
Num_Negocios;06/04/2021;Cotações
Num_Negocios;07/04/2021;Cotações
Num_Negocios;08/04/2021;Cotações
Num_Negocios;09/04/2021;Cotações
Num_Negocios;12/04/2021;Cotações
Num_Negocios;13/04/2021;Cotações
Num_Negocios;14/04/2021;Cotações
Num_Negocios;15/04/2021;Cotações
Num_Negocios;16/04/2021;Cotações
Num_Negocios;19/04/2021;Cotações
Num_Negocios;20/04/2021;Cotações
Num_Negocios;22/04/2021;Cotações
Num_Negocios;23/04/2021;Cotações
Num_Negocios;26/04/2021;Cotações
Num_Negocios;27/04/2021;Cotações
Num_Negocios;28/04/2021;Cotações
Num_Negocios;29/04/2021;Cotações
Num_Negocios;30/04/2021;Cotações
Num_Negocios;03/05/2021;Cotações
Num_Negocios;04/05/2021;Cotações
Num_Negocios;05/05/2021;Cotações
Num_Negocios;06/05/2021;Cotações
Num_Negocios;07/05/2021;Cotações
Num_Negocios;10/05/2021;Cotações
Num_Negocios;11/05/2021;Cotações
Num_Negocios;12/05/2021;Cotações
Num_Negocios;13/05/2021;Cotações
Num_Negocios;14/05/2021;Cotações
Num_Negocios;17/05/2021;Cotações
Num_Negocios;18/05/2021;Cotações
Num_Negocios;19/05/2021;Cotações
Num_Negocios;20/05/2021;Cotações
Num_Negocios;21/05/2021;Cotações
Num_Negocios;24/05/2021;Cotações
Num_Negocios;25/05/2021;Cotações
Num_Negocios;26/05/2021;Cotações
Num_Negocios;27/05/2021;Cotações
Num_Negocios;28/05/2021;Cotações
Num_Negocios;31/05/2021;Cotações
Num_Negocios;01/06/2021;Cotações
Num_Negocios;02/06/2021;Cotações
Num_Negocios;04/06/2021;Cotações
Num_Negocios;07/06/2021;Cotações
Num_Negocios;08/06/2021;Cotações
Num_Negocios;09/06/2021;Cotações
Num_Negocios;10/06/2021;Cotações
Num_Negocios;11/06/2021;Cotações
Num_Negocios;14/06/2021;Cotações
Num_Negocios;15/06/2021;Cotações
Num_Negocios;16/06/2021;Cotações
Num_Negocios;17/06/2021;Cotações
Num_Negocios;18/06/2021;Cotações
Num_Negocios;21/06/2021;Cotações
Num_Negocios;22/06/2021;Cotações
Num_Negocios;23/06/2021;Cotações
Num_Negocios;24/06/2021;Cotações
Num_Negocios;25/06/2021;Cotações
Num_Negocios;28/06/2021;Cotações
Num_Negocios;29/06/2021;Cotações
Num_Negocios;30/06/2021;Cotações
Num_Negocios;01/07/2021;Cotações
Num_Negocios;02/07/2021;Cotações
Num_Negocios;05/07/2021;Cotações
Num_Negocios;06/07/2021;Cotações
Num_Negocios;07/07/2021;Cotações
Num_Negocios;08/07/2021;Cotações
Num_Negocios;12/07/2021;Cotações
Num_Negocios;13/07/2021;Cotações
Num_Negocios;14/07/2021;Cotações
Num_Negocios;15/07/2021;Cotações
Num_Negocios;16/07/2021;Cotações
Num_Negocios;19/07/2021;Cotações
Num_Negocios;20/07/2021;Cotações
Num_Negocios;21/07/2021;Cotações
Num_Negocios;22/07/2021;Cotações
Num_Negocios;23/07/2021;Cotações
Num_Negocios;26/07/2021;Cotações
Num_Negocios;27/07/2021;Cotações
Num_Negocios;28/07/2021;Cotações
Num_Negocios;29/07/2021;Cotações
Num_Negocios;30/07/2021;Cotações
Num_Negocios;02/08/2021;Cotações
Num_Negocios;03/08/2021;Cotações
Num_Negocios;04/08/2021;Cotações
Num_Negocios;05/08/2021;Cotações
Num_Negocios;06/08/2021;Cotações
Num_Negocios;09/08/2021;Cotações
Num_Negocios;10/08/2021;Cotações
Num_Negocios;11/08/2021;Cotações
Num_Negocios;12/08/2021;Cotações
Num_Negocios;13/08/2021;Cotações
Num_Negocios;16/08/2021;Cotações
Num_Negocios;17/08/2021;Cotações
Num_Negocios;18/08/2021;Cotações
Num_Negocios;19/08/2021;Cotações
Num_Negocios;20/08/2021;Cotações
Num_Negocios;23/08/2021;Cotações
Num_Negocios;24/08/2021;Cotações
Num_Negocios;25/08/2021;Cotações
Num_Negocios;26/08/2021;Cotações
Num_Negocios;27/08/2021;Cotações
Num_Negocios;30/08/2021;Cotações
Num_Negocios;31/08/2021;Cotações
Num_Negocios;01/09/2021;Cotações
Num_Negocios;02/09/2021;Cotações
Num_Negocios;03/09/2021;Cotações
Num_Negocios;06/09/2021;Cotações
Num_Negocios;08/09/2021;Cotações
Num_Negocios;09/09/2021;Cotações
Num_Negocios;10/09/2021;Cotações
Num_Negocios;13/09/2021;Cotações
Num_Negocios;14/09/2021;Cotações
Num_Negocios;15/09/2021;Cotações
Num_Negocios;16/09/2021;Cotações
Num_Negocios;17/09/2021;Cotações
Num_Negocios;20/09/2021;Cotações
Num_Negocios;21/09/2021;Cotações
Num_Negocios;22/09/2021;Cotações
Num_Negocios;23/09/2021;Cotações
Num_Negocios;24/09/2021;Cotações
Num_Negocios;27/09/2021;Cotações
Num_Negocios;28/09/2021;Cotações
Num_Negocios;29/09/2021;Cotações
Num_Negocios;30/09/2021;Cotações
Num_Negocios;01/10/2021;Cotações
Num_Negocios;04/10/2021;Cotações
Num_Negocios;05/10/2021;Cotações
Num_Negocios;06/10/2021;Cotações
Num_Negocios;07/10/2021;Cotações
Num_Negocios;08/10/2021;Cotações
Num_Negocios;11/10/2021;Cotações
Num_Negocios;13/10/2021;Cotações
Num_Negocios;14/10/2021;Cotações
Num_Negocios;15/10/2021;Cotações
Num_Negocios;18/10/2021;Cotações
Num_Negocios;19/10/2021;Cotações
Num_Negocios;20/10/2021;Cotações
Num_Negocios;21/10/2021;Cotações
Num_Negocios;22/10/2021;Cotações
Num_Negocios;25/10/2021;Cotações
Num_Negocios;26/10/2021;Cotações
Num_Negocios;27/10/2021;Cotações
Num_Negocios;28/10/2021;Cotações
Num_Negocios;29/10/2021;Cotações
Num_Negocios;01/11/2021;Cotações
Num_Negocios;03/11/2021;Cotações
Num_Negocios;04/11/2021;Cotações
Num_Negocios;05/11/2021;Cotações
Num_Negocios;08/11/2021;Cotações
Num_Negocios;09/11/2021;Cotações
Num_Negocios;10/11/2021;Cotações
Num_Negocios;11/11/2021;Cotações
Num_Negocios;12/11/2021;Cotações
Num_Negocios;16/11/2021;Cotações
Num_Negocios;17/11/2021;Cotações
Num_Negocios;18/11/2021;Cotações
Num_Negocios;19/11/2021;Cotações
Num_Negocios;22/11/2021;Cotações
Num_Negocios;23/11/2021;Cotações
Num_Negocios;24/11/2021;Cotações
Num_Negocios;25/11/2021;Cotações
Num_Negocios;26/11/2021;Cotações
Num_Negocios;29/11/2021;Cotações
Num_Negocios;30/11/2021;Cotações
Num_Negocios;01/12/2021;Cotações
Num_Negocios;02/12/2021;Cotações
Num_Negocios;03/12/2021;Cotações
Num_Negocios;06/12/2021;Cotações
Num_Negocios;07/12/2021;Cotações
Num_Negocios;08/12/2021;Cotações
Num_Negocios;09/12/2021;Cotações
Num_Negocios;10/12/2021;Cotações
Num_Negocios;13/12/2021;Cotações
Num_Negocios;14/12/2021;Cotações
Num_Negocios;15/12/2021;Cotações
Num_Negocios;16/12/2021;Cotações
Num_Negocios;17/12/2021;Cotações
Num_Negocios;20/12/2021;Cotações
Num_Negocios;21/12/2021;Cotações
Num_Negocios;22/12/2021;Cotações
Num_Negocios;23/12/2021;Cotações
Num_Negocios;27/12/2021;Cotações
Num_Negocios;28/12/2021;Cotações
Num_Negocios;29/12/2021;Cotações
Num_Negocios;30/12/2021;Cotações
Num_Negocios;03/01/2022;Cotações
Num_Negocios;04/01/2022;Cotações
Num_Negocios;05/01/2022;Cotações
Num_Negocios;06/01/2022;Cotações
Num_Negocios;07/01/2022;Cotações
Num_Negocios;10/01/2022;Cotações
Num_Negocios;11/01/2022;Cotações
Num_Negocios;12/01/2022;Cotações
Num_Negocios;13/01/2022;Cotações
Num_Negocios;14/01/2022;Cotações
Num_Negocios;17/01/2022;Cotações
Num_Negocios;18/01/2022;Cotações
Num_Negocios;19/01/2022;Cotações
Num_Negocios;20/01/2022;Cotações
Num_Negocios;21/01/2022;Cotações
Num_Negocios;24/01/2022;Cotações
Num_Negocios;25/01/2022;Cotações
Num_Negocios;26/01/2022;Cotações
Num_Negocios;27/01/2022;Cotações
Num_Negocios;28/01/2022;Cotações
Num_Negocios;31/01/2022;Cotações
Num_Negocios;01/02/2022;Cotações
Num_Negocios;02/02/2022;Cotações
Num_Negocios;03/02/2022;Cotações
Num_Negocios;04/02/2022;Cotações
Num_Negocios;07/02/2022;Cotações
Num_Negocios;08/02/2022;Cotações
Num_Negocios;09/02/2022;Cotações
Num_Negocios;10/02/2022;Cotações
Num_Negocios;11/02/2022;Cotações
Num_Negocios;14/02/2022;Cotações
Num_Negocios;15/02/2022;Cotações
Num_Negocios;16/02/2022;Cotações
Num_Negocios;17/02/2022;Cotações
Num_Negocios;18/02/2022;Cotações
Num_Negocios;21/02/2022;Cotações
Num_Negocios;22/02/2022;Cotações
Num_Negocios;23/02/2022;Cotações
Num_Negocios;24/02/2022;Cotações
Num_Negocios;25/02/2022;Cotações
Num_Negocios;02/03/2022;Cotações
Num_Negocios;03/03/2022;Cotações
Num_Negocios;04/03/2022;Cotações
Num_Negocios;07/03/2022;Cotações
Num_Negocios;08/03/2022;Cotações
Num_Negocios;09/03/2022;Cotações
Num_Negocios;10/03/2022;Cotações
Num_Negocios;11/03/2022;Cotações
Num_Negocios;14/03/2022;Cotações
Num_Negocios;15/03/2022;Cotações
Num_Negocios;16/03/2022;Cotações
Num_Negocios;17/03/2022;Cotações
Num_Negocios;18/03/2022;Cotações
Num_Negocios;21/03/2022;Cotações
Num_Negocios;22/03/2022;Cotações
Num_Negocios;23/03/2022;Cotações
Num_Negocios;24/03/2022;Cotações
Num_Negocios;25/03/2022;Cotações
Num_Negocios;28/03/2022;Cotações
Num_Negocios;29/03/2022;Cotações
Num_Negocios;30/03/2022;Cotações
Num_Negocios;31/03/2022;Cotações
Num_Negocios;01/04/2022;Cotações
Num_Negocios;04/04/2022;Cotações
Num_Negocios;05/04/2022;Cotações
Num_Negocios;06/04/2022;Cotações
Num_Negocios;07/04/2022;Cotações
Num_Negocios;08/04/2022;Cotações
Num_Negocios;11/04/2022;Cotações
Num_Negocios;12/04/2022;Cotações
Num_Negocios;13/04/2022;Cotações
Num_Negocios;14/04/2022;Cotações
Num_Negocios;18/04/2022;Cotações
Num_Negocios;19/04/2022;Cotações
Num_Negocios;20/04/2022;Cotações
Num_Negocios;22/04/2022;Cotações
Num_Negocios;25/04/2022;Cotações
Num_Negocios;26/04/2022;Cotações
Num_Negocios;27/04/2022;Cotações
Num_Negocios;28/04/2022;Cotações
Num_Negocios;29/04/2022;Cotações
Num_Negocios;02/05/2022;Cotações
Num_Negocios;03/05/2022;Cotações
Num_Negocios;04/05/2022;Cotações
Num_Negocios;05/05/2022;Cotações
Num_Negocios;06/05/2022;Cotações
Num_Negocios;09/05/2022;Cotações
Num_Negocios;10/05/2022;Cotações
Num_Negocios;11/05/2022;Cotações
Num_Negocios;12/05/2022;Cotações
Num_Negocios;13/05/2022;Cotações
Num_Negocios;16/05/2022;Cotações
Num_Negocios;17/05/2022;Cotações
Num_Negocios;18/05/2022;Cotações
Num_Negocios;19/05/2022;Cotações
Num_Negocios;20/05/2022;Cotações
Num_Negocios;23/05/2022;Cotações
Num_Negocios;24/05/2022;Cotações
Num_Negocios;25/05/2022;Cotações
Num_Negocios;26/05/2022;Cotações
Num_Negocios;27/05/2022;Cotações
Num_Negocios;30/05/2022;Cotações
Num_Negocios;31/05/2022;Cotações
Num_Negocios;01/06/2022;Cotações
Num_Negocios;02/06/2022;Cotações
Num_Negocios;03/06/2022;Cotações
Num_Negocios;06/06/2022;Cotações
Num_Negocios;07/06/2022;Cotações
Num_Negocios;08/06/2022;Cotações
Num_Negocios;09/06/2022;Cotações
Num_Negocios;10/06/2022;Cotações
Num_Negocios;13/06/2022;Cotações
Num_Negocios;14/06/2022;Cotações
Num_Negocios;15/06/2022;Cotações
Num_Negocios;17/06/2022;Cotações
Num_Negocios;20/06/2022;Cotações
Num_Negocios;21/06/2022;Cotações
Num_Negocios;22/06/2022;Cotações
Num_Negocios;23/06/2022;Cotações
Num_Negocios;24/06/2022;Cotações
Num_Negocios;27/06/2022;Cotações
Num_Negocios;28/06/2022;Cotações
Num_Negocios;29/06/2022;Cotações
Num_Negocios;30/06/2022;Cotações
Num_Negocios;01/07/2022;Cotações
Num_Negocios;04/07/2022;Cotações
Num_Negocios;05/07/2022;Cotações
Num_Negocios;06/07/2022;Cotações
Num_Negocios;07/07/2022;Cotações
Num_Negocios;08/07/2022;Cotações
Num_Negocios;11/07/2022;Cotações
Num_Negocios;12/07/2022;Cotações
Num_Negocios;13/07/2022;Cotações
Num_Negocios;14/07/2022;Cotações
Num_Negocios;15/07/2022;Cotações
Num_Negocios;18/07/2022;Cotações
Num_Negocios;19/07/2022;Cotações
Num_Negocios;20/07/2022;Cotações
Num_Negocios;21/07/2022;Cotações
Num_Negocios;22/07/2022;Cotações
Num_Negocios;25/07/2022;Cotações
Num_Negocios;26/07/2022;Cotações
Num_Negocios;27/07/2022;Cotações
Num_Negocios;28/07/2022;Cotações
Num_Negocios;29/07/2022;Cotações
Num_Negocios;01/08/2022;Cotações
Num_Negocios;02/08/2022;Cotações
Num_Negocios;03/08/2022;Cotações
Num_Negocios;04/08/2022;Cotações
Num_Negocios;05/08/2022;Cotações
Num_Negocios;08/08/2022;Cotações
Num_Negocios;09/08/2022;Cotações
Num_Negocios;10/08/2022;Cotações
Num_Negocios;11/08/2022;Cotações
Num_Negocios;12/08/2022;Cotações
Num_Negocios;15/08/2022;Cotações
Num_Negocios;16/08/2022;Cotações
Num_Negocios;17/08/2022;Cotações
Num_Negocios;18/08/2022;Cotações
Num_Negocios;19/08/2022;Cotações
Num_Negocios;22/08/2022;Cotações
Num_Negocios;23/08/2022;Cotações
Num_Negocios;24/08/2022;Cotações
Num_Negocios;25/08/2022;Cotações
Num_Negocios;26/08/2022;Cotações
Num_Negocios;29/08/2022;Cotações
Num_Negocios;30/08/2022;Cotações
Num_Negocios;31/08/2022;Cotações
Num_Negocios;01/09/2022;Cotações
Num_Negocios;02/09/2022;Cotações
Num_Negocios;05/09/2022;Cotações
Num_Negocios;06/09/2022;Cotações
Num_Negocios;08/09/2022;Cotações
Num_Negocios;09/09/2022;Cotações
Num_Negocios;12/09/2022;Cotações
Num_Negocios;13/09/2022;Cotações
Num_Negocios;14/09/2022;Cotações
Num_Negocios;15/09/2022;Cotações
Num_Negocios;16/09/2022;Cotações
Num_Negocios;19/09/2022;Cotações
Num_Negocios;20/09/2022;Cotações
Num_Negocios;21/09/2022;Cotações
Num_Negocios;22/09/2022;Cotações
Num_Negocios;23/09/2022;Cotações
Num_Negocios;26/09/2022;Cotações
Num_Negocios;27/09/2022;Cotações
Num_Negocios;28/09/2022;Cotações
Num_Negocios;29/09/2022;Cotações
Num_Negocios;30/09/2022;Cotações
Num_Negocios;03/10/2022;Cotações
Num_Negocios;04/10/2022;Cotações
Num_Negocios;05/10/2022;Cotações
Num_Negocios;06/10/2022;Cotações
Num_Negocios;07/10/2022;Cotações
Num_Negocios;10/10/2022;Cotações
Num_Negocios;11/10/2022;Cotações
Num_Negocios;13/10/2022;Cotações
Num_Negocios;14/10/2022;Cotações
Num_Negocios;17/10/2022;Cotações
Num_Negocios;18/10/2022;Cotações
Num_Negocios;19/10/2022;Cotações
Num_Negocios;20/10/2022;Cotações
Num_Negocios;21/10/2022;Cotações
Num_Negocios;24/10/2022;Cotações
Num_Negocios;25/10/2022;Cotações
Num_Negocios;26/10/2022;Cotações
Num_Negocios;27/10/2022;Cotações
Num_Negocios;28/10/2022;Cotações
Num_Negocios;31/10/2022;Cotações
Num_Negocios;01/11/2022;Cotações
Num_Negocios;03/11/2022;Cotações
Num_Negocios;04/11/2022;Cotações
Num_Negocios;07/11/2022;Cotações
Num_Negocios;08/11/2022;Cotações
Num_Negocios;09/11/2022;Cotações
Num_Negocios;10/11/2022;Cotações
Num_Negocios;11/11/2022;Cotações
Num_Negocios;14/11/2022;Cotações
Num_Negocios;16/11/2022;Cotações
Num_Negocios;17/11/2022;Cotações
Num_Negocios;18/11/2022;Cotações
Num_Negocios;21/11/2022;Cotações
Num_Negocios;22/11/2022;Cotações
Num_Negocios;23/11/2022;Cotações
Num_Negocios;24/11/2022;Cotações
Num_Negocios;25/11/2022;Cotações
Num_Negocios;28/11/2022;Cotações
Num_Negocios;29/11/2022;Cotações
Num_Negocios;30/11/2022;Cotações
Num_Negocios;01/12/2022;Cotações
Num_Negocios;02/12/2022;Cotações
Num_Negocios;05/12/2022;Cotações
Num_Negocios;06/12/2022;Cotações
Num_Negocios;07/12/2022;Cotações
Num_Negocios;08/12/2022;Cotações
Num_Negocios;09/12/2022;Cotações
Num_Negocios;12/12/2022;Cotações
Num_Negocios;13/12/2022;Cotações
Num_Negocios;14/12/2022;Cotações
Num_Negocios;15/12/2022;Cotações
Num_Negocios;16/12/2022;Cotações
Num_Negocios;19/12/2022;Cotações
Num_Negocios;20/12/2022;Cotações
Num_Negocios;21/12/2022;Cotações
Num_Negocios;22/12/2022;Cotações
Num_Negocios;23/12/2022;Cotações
Num_Negocios;26/12/2022;Cotações
Num_Negocios;27/12/2022;Cotações
Num_Negocios;28/12/2022;Cotações
Num_Negocios;29/12/2022;Cotações
Num_Negocios;02/01/2023;Cotações
Num_Negocios;03/01/2023;Cotações
Num_Negocios;04/01/2023;Cotações
Num_Negocios;05/01/2023;Cotações
Num_Negocios;06/01/2023;Cotações
Num_Negocios;09/01/2023;Cotações
Num_Negocios;10/01/2023;Cotações
Num_Negocios;11/01/2023;Cotações
Num_Negocios;12/01/2023;Cotações
Num_Negocios;13/01/2023;Cotações
Num_Negocios;16/01/2023;Cotações
Num_Negocios;17/01/2023;Cotações
Num_Negocios;18/01/2023;Cotações
Num_Negocios;19/01/2023;Cotações
Num_Negocios;20/01/2023;Cotações
Num_Negocios;23/01/2023;Cotações
Num_Negocios;24/01/2023;Cotações
Num_Negocios;25/01/2023;Cotações
Num_Negocios;26/01/2023;Cotações
Num_Negocios;27/01/2023;Cotações
Num_Negocios;30/01/2023;Cotações
Num_Negocios;31/01/2023;Cotações
Num_Negocios;01/02/2023;Cotações
Num_Negocios;02/02/2023;Cotações
Num_Negocios;03/02/2023;Cotações
Num_Negocios;06/02/2023;Cotações
Num_Negocios;07/02/2023;Cotações
Num_Negocios;08/02/2023;Cotações
Num_Negocios;09/02/2023;Cotações
Num_Negocios;10/02/2023;Cotações
Num_Negocios;13/02/2023;Cotações
Num_Negocios;14/02/2023;Cotações
Num_Negocios;15/02/2023;Cotações
Num_Negocios;16/02/2023;Cotações
Num_Negocios;17/02/2023;Cotações
Num_Negocios;22/02/2023;Cotações
Num_Negocios;23/02/2023;Cotações
Num_Negocios;24/02/2023;Cotações
Num_Negocios;27/02/2023;Cotações
Num_Negocios;28/02/2023;Cotações
Num_Negocios;01/03/2023;Cotações
Num_Negocios;02/03/2023;Cotações
Num_Negocios;03/03/2023;Cotações
Num_Negocios;06/03/2023;Cotações
Num_Negocios;07/03/2023;Cotações
Num_Negocios;08/03/2023;Cotações
Num_Negocios;09/03/2023;Cotações
Num_Negocios;10/03/2023;Cotações
Num_Negocios;13/03/2023;Cotações
Num_Negocios;14/03/2023;Cotações
Num_Negocios;15/03/2023;Cotações
Num_Negocios;16/03/2023;Cotações
Num_Negocios;17/03/2023;Cotações
Num_Negocios;20/03/2023;Cotações
Num_Negocios;21/03/2023;Cotações
Num_Negocios;22/03/2023;Cotações
Num_Negocios;23/03/2023;Cotações
Num_Negocios;24/03/2023;Cotações
Num_Negocios;27/03/2023;Cotações
Num_Negocios;28/03/2023;Cotações
Num_Negocios;29/03/2023;Cotações
Num_Negocios;30/03/2023;Cotações
Num_Negocios;31/03/2023;Cotações
Num_Negocios;03/04/2023;Cotações
Num_Negocios;04/04/2023;Cotações
Num_Negocios;05/04/2023;Cotações
Num_Negocios;06/04/2023;Cotações
Num_Negocios;10/04/2023;Cotações
Num_Negocios;11/04/2023;Cotações
Num_Negocios;12/04/2023;Cotações
Num_Negocios;13/04/2023;Cotações
Num_Negocios;14/04/2023;Cotações
Num_Negocios;17/04/2023;Cotações
Num_Negocios;18/04/2023;Cotações
Num_Negocios;19/04/2023;Cotações
Num_Negocios;20/04/2023;Cotações
Num_Negocios;24/04/2023;Cotações
Num_Negocios;25/04/2023;Cotações
Num_Negocios;26/04/2023;Cotações
Num_Negocios;27/04/2023;Cotações
Num_Negocios;28/04/2023;Cotações
Num_Negocios;02/05/2023;Cotações
Num_Negocios;03/05/2023;Cotações
Num_Negocios;04/05/2023;Cotações
Num_Negocios;05/05/2023;Cotações
Num_Negocios;08/05/2023;Cotações
Num_Negocios;09/05/2023;Cotações
Num_Negocios;10/05/2023;Cotações
Num_Negocios;11/05/2023;Cotações
Num_Negocios;12/05/2023;Cotações
Num_Negocios;15/05/2023;Cotações
Num_Negocios;16/05/2023;Cotações
Num_Negocios;17/05/2023;Cotações
Num_Negocios;18/05/2023;Cotações
Num_Negocios;19/05/2023;Cotações
Num_Negocios;22/05/2023;Cotações
Num_Negocios;23/05/2023;Cotações
Num_Negocios;24/05/2023;Cotações
Num_Negocios;25/05/2023;Cotações
Num_Negocios;26/05/2023;Cotações
Num_Negocios;29/05/2023;Cotações
Num_Negocios;30/05/2023;Cotações
Num_Negocios;31/05/2023;Cotações
Num_Negocios;01/06/2023;Cotações
Num_Negocios;02/06/2023;Cotações
Num_Negocios;05/06/2023;Cotações
Num_Negocios;06/06/2023;Cotações
Num_Negocios;07/06/2023;Cotações
Num_Negocios;09/06/2023;Cotações
Num_Negocios;12/06/2023;Cotações
Num_Negocios;13/06/2023;Cotações
Num_Negocios;14/06/2023;Cotações
Num_Negocios;15/06/2023;Cotações
Num_Negocios;16/06/2023;Cotações
Num_Negocios;19/06/2023;Cotações
Num_Negocios;20/06/2023;Cotações
Num_Negocios;21/06/2023;Cotações
Num_Negocios;22/06/2023;Cotações
Num_Negocios;23/06/2023;Cotações
Num_Negocios;26/06/2023;Cotações
Num_Negocios;27/06/2023;Cotações
Num_Negocios;28/06/2023;Cotações
Num_Negocios;29/06/2023;Cotações
Num_Negocios;30/06/2023;Cotações
Num_Negocios;03/07/2023;Cotações
Num_Negocios;04/07/2023;Cotações
Num_Negocios;05/07/2023;Cotações
Num_Negocios;06/07/2023;Cotações
Num_Negocios;07/07/2023;Cotações
Num_Negocios;10/07/2023;Cotações
Num_Negocios;11/07/2023;Cotações
Num_Negocios;12/07/2023;Cotações
Num_Negocios;13/07/2023;Cotações
Num_Negocios;14/07/2023;Cotações
Num_Negocios;17/07/2023;Cotações
Num_Negocios;18/07/2023;Cotações
Num_Negocios;19/07/2023;Cotações
Num_Negocios;20/07/2023;Cotações
Num_Negocios;21/07/2023;Cotações
Num_Negocios;24/07/2023;Cotações
Num_Negocios;25/07/2023;Cotações
Num_Negocios;26/07/2023;Cotações
Num_Negocios;27/07/2023;Cotações
Num_Negocios;28/07/2023;Cotações
Num_Negocios;31/07/2023;Cotações
Num_Negocios;01/08/2023;Cotações
Num_Negocios;02/08/2023;Cotações
Num_Negocios;03/08/2023;Cotações
Num_Negocios;04/08/2023;Cotações
Num_Negocios;07/08/2023;Cotações
Num_Negocios;08/08/2023;Cotações
Num_Negocios;09/08/2023;Cotações
Num_Negocios;10/08/2023;Cotações
Num_Negocios;11/08/2023;Cotações
Num_Negocios;14/08/2023;Cotações
Num_Negocios;15/08/2023;Cotações
Num_Negocios;16/08/2023;Cotações
Num_Negocios;17/08/2023;Cotações
Num_Negocios;18/08/2023;Cotações
Num_Negocios;21/08/2023;Cotações
Num_Negocios;22/08/2023;Cotações
Num_Negocios;23/08/2023;Cotações
Num_Negocios;24/08/2023;Cotações
Num_Negocios;25/08/2023;Cotações
Num_Negocios;28/08/2023;Cotações
Num_Negocios;29/08/2023;Cotações
Num_Negocios;30/08/2023;Cotações
Num_Negocios;31/08/2023;Cotações
Num_Negocios;01/09/2023;Cotações
Num_Negocios;04/09/2023;Cotações
Num_Negocios;05/09/2023;Cotações
Num_Negocios;06/09/2023;Cotações
Num_Negocios;08/09/2023;Cotações
Num_Negocios;11/09/2023;Cotações
Num_Negocios;12/09/2023;Cotações
Num_Negocios;13/09/2023;Cotações
Num_Negocios;14/09/2023;Cotações
Num_Negocios;15/09/2023;Cotações
Num_Negocios;18/09/2023;Cotações
Num_Negocios;19/09/2023;Cotações
Num_Negocios;20/09/2023;Cotações
Num_Negocios;21/09/2023;Cotações
Num_Negocios;22/09/2023;Cotações
Num_Negocios;25/09/2023;Cotações
Num_Negocios;26/09/2023;Cotações
Num_Negocios;27/09/2023;Cotações
Num_Negocios;28/09/2023;Cotações
Num_Negocios;29/09/2023;Cotações
Num_Negocios;02/10/2023;Cotações
Num_Negocios;03/10/2023;Cotações
Num_Negocios;04/10/2023;Cotações
Num_Negocios;05/10/2023;Cotações
Num_Negocios;06/10/2023;Cotações
Num_Negocios;09/10/2023;Cotações
Num_Negocios;10/10/2023;Cotações
Num_Negocios;11/10/2023;Cotações
Num_Negocios;13/10/2023;Cotações
Num_Negocios;16/10/2023;Cotações
Num_Negocios;17/10/2023;Cotações
Num_Negocios;18/10/2023;Cotações
Num_Negocios;19/10/2023;Cotações
Num_Negocios;20/10/2023;Cotações
Num_Negocios;23/10/2023;Cotações
Num_Negocios;24/10/2023;Cotações
Num_Negocios;25/10/2023;Cotações
Num_Negocios;26/10/2023;Cotações
Num_Negocios;27/10/2023;Cotações
Num_Negocios;30/10/2023;Cotações
Num_Negocios;31/10/2023;Cotações
Num_Negocios;01/11/2023;Cotações
Num_Negocios;03/11/2023;Cotações
Num_Negocios;06/11/2023;Cotações
Num_Negocios;07/11/2023;Cotações
Num_Negocios;08/11/2023;Cotações
Num_Negocios;09/11/2023;Cotações
Num_Negocios;10/11/2023;Cotações
Num_Negocios;13/11/2023;Cotações
Num_Negocios;14/11/2023;Cotações
Num_Negocios;16/11/2023;Cotações
Num_Negocios;17/11/2023;Cotações
Num_Negocios;20/11/2023;Cotações
Num_Negocios;21/11/2023;Cotações
Num_Negocios;22/11/2023;Cotações
Num_Negocios;23/11/2023;Cotações
Num_Negocios;24/11/2023;Cotações
Num_Negocios;27/11/2023;Cotações
Num_Negocios;28/11/2023;Cotações
Num_Negocios;29/11/2023;Cotações
Num_Negocios;30/11/2023;Cotações
Num_Negocios;01/12/2023;Cotações
Num_Negocios;04/12/2023;Cotações
Num_Negocios;05/12/2023;Cotações
Num_Negocios;06/12/2023;Cotações
Num_Negocios;07/12/2023;Cotações
Num_Negocios;08/12/2023;Cotações
Num_Negocios;11/12/2023;Cotações
Num_Negocios;12/12/2023;Cotações
Num_Negocios;13/12/2023;Cotações
Num_Negocios;14/12/2023;Cotações
Num_Negocios;15/12/2023;Cotações
Num_Negocios;18/12/2023;Cotações
Num_Negocios;19/12/2023;Cotações
Num_Negocios;20/12/2023;Cotações
Num_Negocios;21/12/2023;Cotações
Num_Negocios;22/12/2023;Cotações
Num_Negocios;26/12/2023;Cotações
Num_Negocios;27/12/2023;Cotações
Num_Negocios;28/12/2023;Cotações
Num_Negocios;02/01/2024;Cotações
Num_Negocios;03/01/2024;Cotações
Num_Negocios;04/01/2024;Cotações
Num_Negocios;05/01/2024;Cotações
Num_Negocios;08/01/2024;Cotações
Num_Negocios;09/01/2024;Cotações
Num_Negocios;10/01/2024;Cotações
Num_Negocios;11/01/2024;Cotações
Num_Negocios;12/01/2024;Cotações
Num_Negocios;15/01/2024;Cotações
Num_Negocios;16/01/2024;Cotações
Num_Negocios;17/01/2024;Cotações
Num_Negocios;18/01/2024;Cotações
Num_Negocios;19/01/2024;Cotações
Num_Negocios;22/01/2024;Cotações
Num_Negocios;23/01/2024;Cotações
Num_Negocios;24/01/2024;Cotações
Num_Negocios;25/01/2024;Cotações
Num_Negocios;26/01/2024;Cotações
Num_Negocios;29/01/2024;Cotações
Num_Negocios;30/01/2024;Cotações
Num_Negocios;31/01/2024;Cotações
Num_Negocios;01/02/2024;Cotações
Num_Negocios;02/02/2024;Cotações
Num_Negocios;05/02/2024;Cotações
Num_Negocios;06/02/2024;Cotações
Num_Negocios;07/02/2024;Cotações
Num_Negocios;08/02/2024;Cotações
Num_Negocios;09/02/2024;Cotações
Num_Negocios;14/02/2024;Cotações
Num_Negocios;15/02/2024;Cotações
Num_Negocios;16/02/2024;Cotações
Num_Negocios;19/02/2024;Cotações
Num_Negocios;20/02/2024;Cotações
Num_Negocios;21/02/2024;Cotações
Num_Negocios;22/02/2024;Cotações
Num_Negocios;23/02/2024;Cotações
Num_Negocios;26/02/2024;Cotações
Num_Negocios;27/02/2024;Cotações
Num_Negocios;28/02/2024;Cotações
Num_Negocios;29/02/2024;Cotações
Num_Negocios;01/03/2024;Cotações
Num_Negocios;04/03/2024;Cotações
Num_Negocios;05/03/2024;Cotações
Num_Negocios;06/03/2024;Cotações
Num_Negocios;07/03/2024;Cotações
Num_Negocios;08/03/2024;Cotações
Num_Negocios;11/03/2024;Cotações
Num_Negocios;12/03/2024;Cotações
Num_Negocios;13/03/2024;Cotações
Num_Negocios;14/03/2024;Cotações
Num_Negocios;15/03/2024;Cotações
Num_Negocios;18/03/2024;Cotações
Num_Negocios;19/03/2024;Cotações
Num_Negocios;20/03/2024;Cotações
Num_Negocios;21/03/2024;Cotações
Num_Negocios;22/03/2024;Cotações
Num_Negocios;25/03/2024;Cotações
Num_Negocios;26/03/2024;Cotações
Num_Negocios;27/03/2024;Cotações
Num_Negocios;28/03/2024;Cotações
Num_Negocios;01/04/2024;Cotações
Num_Negocios;02/04/2024;Cotações
Num_Negocios;03/04/2024;Cotações
Num_Negocios;04/04/2024;Cotações
Num_Negocios;05/04/2024;Cotações
Num_Negocios;08/04/2024;Cotações
Num_Negocios;09/04/2024;Cotações
Num_Negocios;10/04/2024;Cotações
Num_Negocios;11/04/2024;Cotações
Num_Negocios;12/04/2024;Cotações
Num_Negocios;15/04/2024;Cotações
Num_Negocios;16/04/2024;Cotações
Num_Negocios;17/04/2024;Cotações
Num_Negocios;18/04/2024;Cotações
Num_Negocios;19/04/2024;Cotações
Num_Negocios;22/04/2024;Cotações
Num_Negocios;23/04/2024;Cotações
Num_Negocios;24/04/2024;Cotações
Num_Negocios;25/04/2024;Cotações
Num_Negocios;26/04/2024;Cotações
Num_Negocios;29/04/2024;Cotações
Num_Negocios;30/04/2024;Cotações
Num_Negocios;02/05/2024;Cotações
Num_Negocios;03/05/2024;Cotações
Num_Negocios;06/05/2024;Cotações
Num_Negocios;07/05/2024;Cotações
Num_Negocios;08/05/2024;Cotações
Num_Negocios;09/05/2024;Cotações
Num_Negocios;10/05/2024;Cotações
Num_Negocios;13/05/2024;Cotações
Num_Negocios;14/05/2024;Cotações
Num_Negocios;15/05/2024;Cotações
Num_Negocios;16/05/2024;Cotações
Num_Negocios;17/05/2024;Cotações
Num_Negocios;20/05/2024;Cotações
Num_Negocios;21/05/2024;Cotações
Num_Negocios;22/05/2024;Cotações
Num_Negocios;23/05/2024;Cotações
Num_Negocios;24/05/2024;Cotações
Num_Negocios;27/05/2024;Cotações
Num_Negocios;28/05/2024;Cotações
Num_Negocios;29/05/2024;Cotações
Num_Negocios;31/05/2024;Cotações
Num_Negocios;03/06/2024;Cotações
Num_Negocios;04/06/2024;Cotações
Num_Negocios;05/06/2024;Cotações
Num_Negocios;06/06/2024;Cotações
Num_Negocios;07/06/2024;Cotações
Num_Negocios;10/06/2024;Cotações
Num_Negocios;11/06/2024;Cotações
Num_Negocios;12/06/2024;Cotações
Num_Negocios;13/06/2024;Cotações
Num_Negocios;14/06/2024;Cotações
Num_Negocios;17/06/2024;Cotações
Num_Negocios;18/06/2024;Cotações
Num_Negocios;19/06/2024;Cotações
Num_Negocios;20/06/2024;Cotações
Num_Negocios;21/06/2024;Cotações
Num_Negocios;24/06/2024;Cotações
Num_Negocios;25/06/2024;Cotações
Num_Negocios;26/06/2024;Cotações
Num_Negocios;27/06/2024;Cotações
Num_Negocios;28/06/2024;Cotações
Num_Negocios;01/07/2024;Cotações
Num_Negocios;02/07/2024;Cotações
Num_Negocios;03/07/2024;Cotações
Num_Negocios;04/07/2024;Cotações
Num_Negocios;05/07/2024;Cotações
Num_Negocios;08/07/2024;Cotações
Num_Negocios;09/07/2024;Cotações
Num_Negocios;10/07/2024;Cotações
Num_Negocios;11/07/2024;Cotações
Num_Negocios;12/07/2024;Cotações
Num_Negocios;15/07/2024;Cotações
Num_Negocios;16/07/2024;Cotações
Num_Negocios;17/07/2024;Cotações
Num_Negocios;18/07/2024;Cotações
Num_Negocios;19/07/2024;Cotações
Num_Negocios;22/07/2024;Cotações
Num_Negocios;23/07/2024;Cotações
Num_Negocios;24/07/2024;Cotações
Num_Negocios;25/07/2024;Cotações
Num_Negocios;26/07/2024;Cotações
Num_Negocios;29/07/2024;Cotações
Num_Negocios;30/07/2024;Cotações
Num_Negocios;31/07/2024;Cotações
Num_Negocios;01/08/2024;Cotações
Num_Negocios;02/08/2024;Cotações
Num_Negocios;05/08/2024;Cotações
Num_Negocios;06/08/2024;Cotações
Num_Negocios;07/08/2024;Cotações
Num_Negocios;08/08/2024;Cotações
Num_Negocios;09/08/2024;Cotações
Num_Negocios;12/08/2024;Cotações
Num_Negocios;13/08/2024;Cotações
Num_Negocios;14/08/2024;Cotações
Num_Negocios;15/08/2024;Cotações
Num_Negocios;16/08/2024;Cotações
Num_Negocios;19/08/2024;Cotações
Num_Negocios;20/08/2024;Cotações
Num_Negocios;21/08/2024;Cotações
Num_Negocios;22/08/2024;Cotações
Num_Negocios;23/08/2024;Cotações
Num_Negocios;26/08/2024;Cotações
Num_Negocios;27/08/2024;Cotações
Num_Negocios;28/08/2024;Cotações
Num_Negocios;29/08/2024;Cotações
Num_Negocios;30/08/2024;Cotações
Num_Negocios;02/09/2024;Cotações
Num_Negocios;03/09/2024;Cotações
Num_Negocios;04/09/2024;Cotações
Num_Negocios;05/09/2024;Cotações
Num_Negocios;06/09/2024;Cotações
Num_Negocios;09/09/2024;Cotações
Num_Negocios;10/09/2024;Cotações
Num_Negocios;11/09/2024;Cotações
Num_Negocios;12/09/2024;Cotações
Num_Negocios;13/09/2024;Cotações
Num_Negocios;16/09/2024;Cotações
Num_Negocios;17/09/2024;Cotações
Num_Negocios;18/09/2024;Cotações
Num_Negocios;19/09/2024;Cotações
Num_Negocios;20/09/2024;Cotações
Num_Negocios;23/09/2024;Cotações
Num_Negocios;24/09/2024;Cotações
Num_Negocios;25/09/2024;Cotações
Num_Negocios;26/09/2024;Cotações
Num_Negocios;27/09/2024;Cotações
Num_Negocios;30/09/2024;Cotações
Num_Negocios;01/10/2024;Cotações
Num_Negocios;02/10/2024;Cotações
Num_Negocios;03/10/2024;Cotações
Num_Negocios;04/10/2024;Cotações
Num_Negocios;07/10/2024;Cotações
Num_Negocios;08/10/2024;Cotações
Num_Negocios;09/10/2024;Cotações
Num_Negocios;10/10/2024;Cotações
Num_Negocios;11/10/2024;Cotações
Num_Negocios;14/10/2024;Cotações
Num_Negocios;15/10/2024;Cotações
Num_Negocios;16/10/2024;Cotações
Num_Negocios;17/10/2024;Cotações
Num_Negocios;18/10/2024;Cotações
Num_Negocios;21/10/2024;Cotações
Num_Negocios;22/10/2024;Cotações
Num_Negocios;23/10/2024;Cotações
Num_Negocios;24/10/2024;Cotações
Num_Negocios;25/10/2024;Cotações
Num_Negocios;28/10/2024;Cotações
Num_Negocios;29/10/2024;Cotações
Num_Negocios;30/10/2024;Cotações
Num_Negocios;31/10/2024;Cotações
Num_Negocios;01/11/2024;Cotações
Num_Negocios;04/11/2024;Cotações
Num_Negocios;05/11/2024;Cotações
Num_Negocios;06/11/2024;Cotações
Num_Negocios;07/11/2024;Cotações
Num_Negocios;08/11/2024;Cotações
Num_Negocios;11/11/2024;Cotações
Num_Negocios;12/11/2024;Cotações
Num_Negocios;13/11/2024;Cotações
Num_Negocios;14/11/2024;Cotações
Num_Negocios;18/11/2024;Cotações
Num_Negocios;19/11/2024;Cotações
Num_Negocios;21/11/2024;Cotações
Num_Negocios;22/11/2024;Cotações
Num_Negocios;25/11/2024;Cotações
Num_Negocios;26/11/2024;Cotações
Num_Negocios;27/11/2024;Cotações
Num_Negocios;28/11/2024;Cotações
Num_Negocios;29/11/2024;Cotações
Num_Negocios;02/12/2024;Cotações
Num_Negocios;03/12/2024;Cotações
Num_Negocios;04/12/2024;Cotações
Num_Negocios;05/12/2024;Cotações
Num_Negocios;06/12/2024;Cotações
Num_Negocios;09/12/2024;Cotações
Num_Negocios;10/12/2024;Cotações
Num_Negocios;11/12/2024;Cotações
Num_Negocios;12/12/2024;Cotações
Num_Negocios;13/12/2024;Cotações
Num_Negocios;16/12/2024;Cotações
Num_Negocios;17/12/2024;Cotações
Num_Negocios;18/12/2024;Cotações
Num_Negocios;19/12/2024;Cotações
Num_Negocios;20/12/2024;Cotações
Num_Negocios;23/12/2024;Cotações
Num_Negocios;26/12/2024;Cotações
Num_Negocios;27/12/2024;Cotações
Num_Negocios;30/12/2024;Cotações
Num_Negocios;02/01/2025;Cotações
Num_Negocios;03/01/2025;Cotações
Num_Negocios;06/01/2025;Cotações
Num_Negocios;07/01/2025;Cotações
Num_Negocios;08/01/2025;Cotações
Num_Negocios;09/01/2025;Cotações
Num_Negocios;10/01/2025;Cotações
Num_Negocios;13/01/2025;Cotações
Num_Negocios;14/01/2025;Cotações
Num_Negocios;15/01/2025;Cotações
Num_Negocios;16/01/2025;Cotações
Num_Negocios;17/01/2025;Cotações
Num_Negocios;20/01/2025;Cotações
Num_Negocios;21/01/2025;Cotações
Num_Negocios;22/01/2025;Cotações
Num_Negocios;23/01/2025;Cotações
Num_Negocios;24/01/2025;Cotações
Num_Negocios;27/01/2025;Cotações
Num_Negocios;28/01/2025;Cotações
Num_Negocios;29/01/2025;Cotações
Num_Negocios;30/01/2025;Cotações
Num_Negocios;31/01/2025;Cotações
Num_Negocios;03/02/2025;Cotações
Num_Negocios;04/02/2025;Cotações
Num_Negocios;05/02/2025;Cotações
Num_Negocios;06/02/2025;Cotações
Num_Negocios;07/02/2025;Cotações
Num_Negocios;10/02/2025;Cotações
Num_Negocios;11/02/2025;Cotações
Num_Negocios;12/02/2025;Cotações
Num_Negocios;13/02/2025;Cotações
Num_Negocios;14/02/2025;Cotações
Num_Negocios;17/02/2025;Cotações
Num_Negocios;18/02/2025;Cotações
Num_Negocios;19/02/2025;Cotações
Num_Negocios;20/02/2025;Cotações
Num_Negocios;21/02/2025;Cotações
Num_Negocios;24/02/2025;Cotações
Num_Negocios;25/02/2025;Cotações
Num_Negocios;26/02/2025;Cotações
Num_Negocios;27/02/2025;Cotações
Num_Negocios;28/02/2025;Cotações
Num_Negocios;05/03/2025;Cotações
Num_Negocios;06/03/2025;Cotações
Num_Negocios;07/03/2025;Cotações
Num_Negocios;10/03/2025;Cotações
Num_Negocios;11/03/2025;Cotações
Num_Negocios;12/03/2025;Cotações
Num_Negocios;13/03/2025;Cotações
Num_Negocios;14/03/2025;Cotações
Num_Negocios;17/03/2025;Cotações
Num_Negocios;18/03/2025;Cotações
Num_Negocios;19/03/2025;Cotações
Num_Negocios;20/03/2025;Cotações
Num_Negocios;21/03/2025;Cotações
Num_Negocios;24/03/2025;Cotações
Num_Negocios;25/03/2025;Cotações
Num_Negocios;26/03/2025;Cotações
Num_Negocios;27/03/2025;Cotações
Num_Negocios;28/03/2025;Cotações
Num_Negocios;31/03/2025;Cotações
Num_Negocios;01/04/2025;Cotações
Num_Negocios;02/04/2025;Cotações
Num_Negocios;03/04/2025;Cotações
Num_Negocios;04/04/2025;Cotações
Num_Negocios;07/04/2025;Cotações
Num_Negocios;08/04/2025;Cotações
Num_Negocios;09/04/2025;Cotações
Num_Negocios;10/04/2025;Cotações
Num_Negocios;11/04/2025;Cotações
Num_Negocios;14/04/2025;Cotações
Num_Negocios;15/04/2025;Cotações
Num_Negocios;16/04/2025;Cotações
Num_Negocios;17/04/2025;Cotações
Num_Negocios;22/04/2025;Cotações
Num_Negocios;23/04/2025;Cotações
Num_Negocios;24/04/2025;Cotações
Num_Negocios;25/04/2025;Cotações
Num_Negocios;28/04/2025;Cotações
Num_Negocios;29/04/2025;Cotações
Num_Negocios;30/04/2025;Cotações
Num_Negocios;02/05/2025;Cotações
Num_Negocios;05/05/2025;Cotações
Num_Negocios;06/05/2025;Cotações
Num_Negocios;07/05/2025;Cotações
Num_Negocios;08/05/2025;Cotações
Num_Negocios;09/05/2025;Cotações
Num_Negocios;12/05/2025;Cotações
Num_Negocios;13/05/2025;Cotações
Num_Negocios;14/05/2025;Cotações
Num_Negocios;15/05/2025;Cotações
Num_Negocios;16/05/2025;Cotações
Num_Negocios;19/05/2025;Cotações
Num_Negocios;20/05/2025;Cotações
Num_Negocios;21/05/2025;Cotações
Num_Negocios;22/05/2025;Cotações
Num_Negocios;23/05/2025;Cotações
Num_Negocios;26/05/2025;Cotações
Num_Negocios;27/05/2025;Cotações
Num_Negocios;28/05/2025;Cotações
Num_Negocios;29/05/2025;Cotações
Num_Negocios;30/05/2025;Cotações
Num_Negocios;02/06/2025;Cotações
Num_Negocios;03/06/2025;Cotações
Num_Negocios;04/06/2025;Cotações
Num_Negocios;05/06/2025;Cotações
Num_Negocios;06/06/2025;Cotações
Num_Negocios;09/06/2025;Cotações
Num_Negocios;10/06/2025;Cotações
Num_Negocios;11/06/2025;Cotações
Num_Negocios;12/06/2025;Cotações
Num_Negocios;13/06/2025;Cotações
Num_Negocios;16/06/2025;Cotações
Num_Negocios;17/06/2025;Cotações
Num_Negocios;18/06/2025;Cotações
Num_Negocios;20/06/2025;Cotações
Num_Negocios;23/06/2025;Cotações
Num_Negocios;24/06/2025;Cotações
Num_Negocios;25/06/2025;Cotações
Num_Negocios;26/06/2025;Cotações
Num_Negocios;27/06/2025;Cotações
Num_Negocios;30/06/2025;Cotações
Num_Negocios;01/07/2025;Cotações
Num_Negocios;02/07/2025;Cotações
Num_Negocios;03/07/2025;Cotações
Num_Negocios;04/07/2025;Cotações
Num_Negocios;07/07/2025;Cotações
Num_Negocios;08/07/2025;Cotações
Num_Negocios;09/07/2025;Cotações
Num_Negocios;10/07/2025;Cotações
Num_Negocios;11/07/2025;Cotações
Num_Negocios;14/07/2025;Cotações
Num_Negocios;15/07/2025;Cotações
Num_Negocios;16/07/2025;Cotações
Num_Negocios;17/07/2025;Cotações
Num_Negocios;18/07/2025;Cotações
Num_Negocios;21/07/2025;Cotações
Num_Negocios;22/07/2025;Cotações
Num_Negocios;23/07/2025;Cotações
Num_Negocios;24/07/2025;Cotações
Num_Negocios;25/07/2025;Cotações
Num_Negocios;28/07/2025;Cotações
Num_Negocios;29/07/2025;Cotações
Num_Negocios;30/07/2025;Cotações
Num_Negocios;31/07/2025;Cotações
Num_Negocios;01/08/2025;Cotações
Num_Negocios;04/08/2025;Cotações
Num_Negocios;05/08/2025;Cotações
Num_Negocios;06/08/2025;Cotações
Num_Negocios;07/08/2025;Cotações
Num_Negocios;08/08/2025;Cotações
Num_Negocios;11/08/2025;Cotações
Num_Negocios;12/08/2025;Cotações
Num_Negocios;13/08/2025;Cotações
Num_Negocios;14/08/2025;Cotações
Num_Negocios;15/08/2025;Cotações
Num_Negocios;18/08/2025;Cotações
Num_Negocios;19/08/2025;Cotações
Num_Negocios;20/08/2025;Cotações
Num_Negocios;21/08/2025;Cotações
Num_Negocios;22/08/2025;Cotações
Num_Negocios;25/08/2025;Cotações
Num_Negocios;26/08/2025;Cotações
Num_Negocios;27/08/2025;Cotações
Num_Negocios;28/08/2025;Cotações
Num_Negocios;29/08/2025;Cotações
Num_Negocios;01/09/2025;Cotações
Num_Negocios;02/09/2025;Cotações
Num_Negocios;03/09/2025;Cotações
Num_Negocios;04/09/2025;Cotações
Num_Negocios;05/09/2025;Cotações
Num_Negocios;08/09/2025;Cotações
Num_Negocios;09/09/2025;Cotações
Num_Negocios;10/09/2025;Cotações
Num_Negocios;11/09/2025;Cotações
Num_Negocios;12/09/2025;Cotações
Num_Negocios;15/09/2025;Cotações
Num_Negocios;16/09/2025;Cotações
Num_Negocios;17/09/2025;Cotações
Num_Negocios;18/09/2025;Cotações
Num_Negocios;19/09/2025;Cotações
Num_Negocios;22/09/2025;Cotações
Num_Negocios;23/09/2025;Cotações
Num_Negocios;24/09/2025;Cotações
Num_Negocios;25/09/2025;Cotações
Num_Negocios;26/09/2025;Cotações
Num_Negocios;29/09/2025;Cotações
Num_Negocios;30/09/2025;Cotações
Num_Negocios;01/10/2025;Cotações
Num_Negocios;02/10/2025;Cotações
Num_Negocios;03/10/2025;Cotações
Num_Negocios;06/10/2025;Cotações
Num_Negocios;07/10/2025;Cotações
Num_Negocios;08/10/2025;Cotações
Num_Negocios;09/10/2025;Cotações
Num_Negocios;10/10/2025;Cotações
Num_Negocios;13/10/2025;Cotações
Num_Negocios;14/10/2025;Cotações
Num_Negocios;15/10/2025;Cotações
Num_Negocios;16/10/2025;Cotações
Num_Negocios;17/10/2025;Cotações
Num_Negocios;20/10/2025;Cotações
Num_Negocios;21/10/2025;Cotações
Num_Negocios;22/10/2025;Cotações
Num_Negocios;23/10/2025;Cotações
Num_Negocios;24/10/2025;Cotações
Num_Negocios;27/10/2025;Cotações
Num_Negocios;28/10/2025;Cotações
Num_Negocios;29/10/2025;Cotações
Num_Negocios;30/10/2025;Cotações
Num_Negocios;31/10/2025;Cotações
Num_Negocios;03/11/2025;Cotações
Num_Negocios;04/11/2025;Cotações
Num_Negocios;05/11/2025;Cotações
Num_Negocios;06/11/2025;Cotações
Num_Negocios;07/11/2025;Cotações
Num_Negocios;10/11/2025;Cotações
Num_Negocios;11/11/2025;Cotações
Num_Negocios;12/11/2025;Cotações
Num_Negocios;13/11/2025;Cotações
Num_Negocios;14/11/2025;Cotações
Num_Negocios;17/11/2025;Cotações
Num_Negocios;18/11/2025;Cotações
Num_Negocios;19/11/2025;Cotações
Num_Negocios;21/11/2025;Cotações
Num_Negocios;24/11/2025;Cotações
Num_Negocios;25/11/2025;Cotações
Num_Negocios;26/11/2025;Cotações
Num_Negocios;27/11/2025;Cotações
Num_Negocios;28/11/2025;Cotações
Num_Negocios;01/12/2025;Cotações
Num_Negocios;02/12/2025;Cotações
Num_Negocios;03/12/2025;Cotações
Num_Negocios;04/12/2025;Cotações
Num_Negocios;05/12/2025;Cotações
Num_Negocios;08/12/2025;Cotações
Num_Negocios;09/12/2025;Cotações
Num_Negocios;10/12/2025;Cotações
Num_Negocios;11/12/2025;Cotações
Num_Negocios;12/12/2025;Cotações
Num_Negocios;15/12/2025;Cotações
Num_Negocios;16/12/2025;Cotações
Num_Negocios;17/12/2025;Cotações
Num_Negocios;18/12/2025;Cotações
Num_Negocios;19/12/2025;Cotações
Num_Negocios;22/12/2025;Cotações
Num_Negocios;23/12/2025;Cotações
Num_Negocios;26/12/2025;Cotações
Num_Negocios;29/12/2025;Cotações
Num_Negocios;30/12/2025;Cotações
Num_Negocios;02/01/2026;Cotações
Num_Negocios;05/01/2026;Cotações
Num_Negocios;06/01/2026;Cotações
Num_Negocios;07/01/2026;Cotações
Num_Negocios;08/01/2026;Cotações
Num_Negocios;09/01/2026;Cotações
Num_Negocios;12/01/2026;Cotações
Num_Negocios;13/01/2026;Cotações
Num_Negocios;14/01/2026;Cotações
Num_Negocios;15/01/2026;Cotações
Num_Negocios;16/01/2026;Cotações
Num_Negocios;19/01/2026;Cotações
Num_Negocios;20/01/2026;Cotações
Num_Negocios;21/01/2026;Cotações
Num_Negocios;22/01/2026;Cotações
Num_Negocios;23/01/2026;Cotações
Num_Negocios;26/01/2026;Cotações
Num_Negocios;27/01/2026;Cotações
Num_Negocios;28/01/2026;Cotações
Num_Negocios;29/01/2026;Cotações
Num_Negocios;30/01/2026;Cotações
Num_Negocios;02/02/2026;Cotações
Num_Negocios;03/02/2026;Cotações
Num_Negocios;04/02/2026;Cotações
Num_Negocios;05/02/2026;Cotações
Num_Negocios;06/02/2026;Cotações
Num_Negocios;09/02/2026;Cotações
Num_Negocios;10/02/2026;Cotações
Num_Negocios;11/02/2026;Cotações
Num_Negocios;12/02/2026;Cotações
Num_Negocios;13/02/2026;Cotações
Num_Negocios;18/02/2026;Cotações
Num_Negocios;19/02/2026;Cotações
Num_Negocios;20/02/2026;Cotações
Num_Negocios;23/02/2026;Cotações
Num_Negocios;24/02/2026;Cotações
Num_Negocios;25/02/2026;Cotações
Num_Negocios;26/02/2026;Cotações
Num_Negocios;27/02/2026;Cotações
Num_Negocios;02/03/2026;Cotações
Num_Negocios;03/03/2026;Cotações
Num_Negocios;04/03/2026;Cotações
Num_Negocios;05/03/2026;Cotações
Num_Negocios;06/03/2026;Cotações
Num_Negocios;09/03/2026;Cotações
Num_Negocios;10/03/2026;Cotações
Num_Negocios;11/03/2026;Cotações
Num_Negocios;12/03/2026;Cotações
Num_Negocios;13/03/2026;Cotações
Num_Negocios;16/03/2026;Cotações
Num_Negocios;17/03/2026;Cotações
Num_Negocios;18/03/2026;Cotações
Num_Negocios;19/03/2026;Cotações
Num_Negocios;20/03/2026;Cotações
Num_Negocios;23/03/2026;Cotações
Num_Negocios;24/03/2026;Cotações
Num_Negocios;25/03/2026;Cotações
Num_Negocios;26/03/2026;Cotações
Num_Negocios;27/03/2026;Cotações
Num_Negocios;30/03/2026;Cotações
Num_Negocios;31/03/2026;Cotações
Num_Negocios;01/04/2026;Cotações
Num_Negocios;02/04/2026;Cotações
Num_Negocios;06/04/2026;Cotações
Num_Negocios;07/04/2026;Cotações
Num_Negocios;08/04/2026;Cotações
Num_Negocios;09/04/2026;Cotações
Num_Negocios;10/04/2026;Cotações
Num_Negocios;13/04/2026;Cotações
Num_Negocios;14/04/2026;Cotações
Num_Negocios;15/04/2026;Cotações
Num_Negocios;16/04/2026;Cotações
Num_Negocios;17/04/2026;Cotações
Num_Negocios;20/04/2026;Cotações
Num_Negocios;22/04/2026;Cotações
Num_Negocios;23/04/2026;Cotações
Num_Negocios;24/04/2026;Cotações
Num_Negocios;27/04/2026;Cotações
Num_Negocios;28/04/2026;Cotações
Num_Negocios;29/04/2026;Cotações
Num_Negocios;30/04/2026;Cotações
Num_Negocios;04/05/2026;Cotações
Num_Negocios;05/05/2026;Cotações
Num_Negocios;06/05/2026;Cotações
Num_Negocios;07/05/2026;Cotações
Num_Negocios;08/05/2026;Cotações
Num_Negocios;11/05/2026;Cotações
Num_Negocios;12/05/2026;Cotações
Num_Negocios;13/05/2026;Cotações
Num_Negocios;14/05/2026;Cotações
Num_Negocios;15/05/2026;Cotações
Num_Negocios;18/05/2026;Cotações
Num_Negocios;19/05/2026;Cotações
Num_Negocios;20/05/2026;Cotações
Num_Negocios;21/05/2026;Cotações
Num_Negocios;22/05/2026;Cotações
Num_Negocios;25/05/2026;Cotações
Num_Negocios;26/05/2026;Cotações
Num_Negocios;27/05/2026;Cotações
Num_Negocios;28/05/2026;Cotações
Num_Negocios;29/05/2026;Cotações
Num_Negocios;01/06/2026;Cotações
Num_Negocios;02/06/2026;Cotações
Num_Negocios;03/06/2026;Cotações
Num_Negocios;05/06/2026;Cotações
Num_Negocios;08/06/2026;Cotações
Num_Negocios;09/06/2026;Cotações
Num_Negocios;10/06/2026;Cotações
Num_Negocios;11/06/2026;Cotações
Num_Negocios;12/06/2026;Cotações
Num_Negocios;15/06/2026;Cotações
Num_Negocios;16/06/2026;Cotações
Num_Negocios;17/06/2026;Cotações
Num_Negocios;18/06/2026;Cotações
Num_Negocios;19/06/2026;Cotações
Num_Negocios;22/06/2026;Cotações
Num_Negocios;23/06/2026;Cotações
Num_Negocios;24/06/2026;Cotações
Num_Negocios;25/06/2026;Cotações
Num_Negocios;26/06/2026;Cotações
Num_Negocios;29/06/2026;Cotações
Num_Negocios;30/06/2026;Cotações
Num_Negocios;01/07/2026;Cotações
Num_Negocios;02/07/2026;Cotações
Num_Negocios;03/07/2026;Cotações
Num_Negocios;06/07/2026;Cotações
Num_Negocios;07/07/2026;Cotações
Num_Negocios;08/07/2026;Cotações
Num_Negocios;09/07/2026;Cotações
Num_Negocios;10/07/2026;Cotações
Num_Negocios;13/07/2026;Cotações
Num_Negocios;14/07/2026;Cotações
Num_Negocios;15/07/2026;Cotações
Num_Negocios;16/07/2026;Cotações
Num_Negocios;17/07/2026;Cotações
Num_Negocios;20/07/2026;Cotações
Num_Negocios;21/07/2026;Cotações
Num_Negocios;22/07/2026;Cotações
Num_Negocios;23/07/2026;Cotações
Num_Negocios;24/07/2026;Cotações
Num_Negocios;27/07/2026;Cotações
Num_Negocios;28/07/2026;Cotações
Num_Negocios;29/07/2026;Cotações
Num_Negocios;30/07/2026;Cotações
Num_Negocios;31/07/2026;Cotações
Num_Negocios;03/08/2026;Cotações
Num_Negocios;04/08/2026;Cotações
Num_Negocios;05/08/2026;Cotações
Num_Negocios;06/08/2026;Cotações
Num_Negocios;07/08/2026;Cotações
Num_Negocios;10/08/2026;Cotações
Num_Negocios;11/08/2026;Cotações
Num_Negocios;12/08/2026;Cotações
Num_Negocios;13/08/2026;Cotações
Num_Negocios;14/08/2026;Cotações
Num_Negocios;17/08/2026;Cotações
Num_Negocios;18/08/2026;Cotações
Num_Negocios;19/08/2026;Cotações
Num_Negocios;20/08/2026;Cotações
Num_Negocios;21/08/2026;Cotações
Num_Negocios;24/08/2026;Cotações
Num_Negocios;25/08/2026;Cotações
Num_Negocios;26/08/2026;Cotações
Num_Negocios;27/08/2026;Cotações
Num_Negocios;28/08/2026;Cotações
Num_Negocios;31/08/2026;Cotações
Num_Negocios;01/09/2026;Cotações
Num_Negocios;02/09/2026;Cotações
Num_Negocios;03/09/2026;Cotações
Num_Negocios;04/09/2026;Cotações
Num_Negocios;08/09/2026;Cotações
Num_Negocios;09/09/2026;Cotações
Num_Negocios;10/09/2026;Cotações
Num_Negocios;11/09/2026;Cotações
Num_Negocios;14/09/2026;Cotações
Num_Negocios;15/09/2026;Cotações
Num_Negocios;16/09/2026;Cotações
Num_Negocios;17/09/2026;Cotações
Num_Negocios;18/09/2026;Cotações
Num_Negocios;21/09/2026;Cotações
Num_Negocios;22/09/2026;Cotações
Num_Negocios;23/09/2026;Cotações
Num_Negocios;24/09/2026;Cotações
Num_Negocios;25/09/2026;Cotações
Volume_Financeiro;02/01/2018;Cotações
Volume_Financeiro;03/01/2018;Cotações
Volume_Financeiro;04/01/2018;Cotações
Volume_Financeiro;05/01/2018;Cotações
Volume_Financeiro;08/01/2018;Cotações
Volume_Financeiro;09/01/2018;Cotações
Volume_Financeiro;10/01/2018;Cotações
Volume_Financeiro;11/01/2018;Cotações
Volume_Financeiro;12/01/2018;Cotações
Volume_Financeiro;15/01/2018;Cotações
Volume_Financeiro;16/01/2018;Cotações
Volume_Financeiro;17/01/2018;Cotações
Volume_Financeiro;18/01/2018;Cotações
Volume_Financeiro;19/01/2018;Cotações
Volume_Financeiro;22/01/2018;Cotações
Volume_Financeiro;23/01/2018;Cotações
Volume_Financeiro;24/01/2018;Cotações
Volume_Financeiro;26/01/2018;Cotações
Volume_Financeiro;29/01/2018;Cotações
Volume_Financeiro;30/01/2018;Cotações
Volume_Financeiro;31/01/2018;Cotações
Volume_Financeiro;01/02/2018;Cotações
Volume_Financeiro;02/02/2018;Cotações
Volume_Financeiro;05/02/2018;Cotações
Volume_Financeiro;06/02/2018;Cotações
Volume_Financeiro;07/02/2018;Cotações
Volume_Financeiro;08/02/2018;Cotações
Volume_Financeiro;09/02/2018;Cotações
Volume_Financeiro;14/02/2018;Cotações
Volume_Financeiro;15/02/2018;Cotações
Volume_Financeiro;16/02/2018;Cotações
Volume_Financeiro;19/02/2018;Cotações
Volume_Financeiro;20/02/2018;Cotações
Volume_Financeiro;21/02/2018;Cotações
Volume_Financeiro;22/02/2018;Cotações
Volume_Financeiro;23/02/2018;Cotações
Volume_Financeiro;26/02/2018;Cotações
Volume_Financeiro;27/02/2018;Cotações
Volume_Financeiro;28/02/2018;Cotações
Volume_Financeiro;01/03/2018;Cotações
Volume_Financeiro;02/03/2018;Cotações
Volume_Financeiro;05/03/2018;Cotações
Volume_Financeiro;06/03/2018;Cotações
Volume_Financeiro;07/03/2018;Cotações
Volume_Financeiro;08/03/2018;Cotações
Volume_Financeiro;09/03/2018;Cotações
Volume_Financeiro;12/03/2018;Cotações
Volume_Financeiro;13/03/2018;Cotações
Volume_Financeiro;14/03/2018;Cotações
Volume_Financeiro;15/03/2018;Cotações
Volume_Financeiro;16/03/2018;Cotações
Volume_Financeiro;19/03/2018;Cotações
Volume_Financeiro;20/03/2018;Cotações
Volume_Financeiro;21/03/2018;Cotações
Volume_Financeiro;22/03/2018;Cotações
Volume_Financeiro;23/03/2018;Cotações
Volume_Financeiro;26/03/2018;Cotações
Volume_Financeiro;27/03/2018;Cotações
Volume_Financeiro;28/03/2018;Cotações
Volume_Financeiro;29/03/2018;Cotações
Volume_Financeiro;02/04/2018;Cotações
Volume_Financeiro;03/04/2018;Cotações
Volume_Financeiro;04/04/2018;Cotações
Volume_Financeiro;05/04/2018;Cotações
Volume_Financeiro;06/04/2018;Cotações
Volume_Financeiro;09/04/2018;Cotações
Volume_Financeiro;10/04/2018;Cotações
Volume_Financeiro;11/04/2018;Cotações
Volume_Financeiro;12/04/2018;Cotações
Volume_Financeiro;13/04/2018;Cotações
Volume_Financeiro;16/04/2018;Cotações
Volume_Financeiro;17/04/2018;Cotações
Volume_Financeiro;18/04/2018;Cotações
Volume_Financeiro;19/04/2018;Cotações
Volume_Financeiro;20/04/2018;Cotações
Volume_Financeiro;23/04/2018;Cotações
Volume_Financeiro;24/04/2018;Cotações
Volume_Financeiro;25/04/2018;Cotações
Volume_Financeiro;26/04/2018;Cotações
Volume_Financeiro;27/04/2018;Cotações
Volume_Financeiro;30/04/2018;Cotações
Volume_Financeiro;02/05/2018;Cotações
Volume_Financeiro;03/05/2018;Cotações
Volume_Financeiro;04/05/2018;Cotações
Volume_Financeiro;07/05/2018;Cotações
Volume_Financeiro;08/05/2018;Cotações
Volume_Financeiro;09/05/2018;Cotações
Volume_Financeiro;10/05/2018;Cotações
Volume_Financeiro;11/05/2018;Cotações
Volume_Financeiro;14/05/2018;Cotações
Volume_Financeiro;15/05/2018;Cotações
Volume_Financeiro;16/05/2018;Cotações
Volume_Financeiro;17/05/2018;Cotações
Volume_Financeiro;18/05/2018;Cotações
Volume_Financeiro;21/05/2018;Cotações
Volume_Financeiro;22/05/2018;Cotações
Volume_Financeiro;23/05/2018;Cotações
Volume_Financeiro;24/05/2018;Cotações
Volume_Financeiro;25/05/2018;Cotações
Volume_Financeiro;28/05/2018;Cotações
Volume_Financeiro;29/05/2018;Cotações
Volume_Financeiro;30/05/2018;Cotações
Volume_Financeiro;01/06/2018;Cotações
Volume_Financeiro;04/06/2018;Cotações
Volume_Financeiro;05/06/2018;Cotações
Volume_Financeiro;06/06/2018;Cotações
Volume_Financeiro;07/06/2018;Cotações
Volume_Financeiro;08/06/2018;Cotações
Volume_Financeiro;11/06/2018;Cotações
Volume_Financeiro;12/06/2018;Cotações
Volume_Financeiro;13/06/2018;Cotações
Volume_Financeiro;14/06/2018;Cotações
Volume_Financeiro;15/06/2018;Cotações
Volume_Financeiro;18/06/2018;Cotações
Volume_Financeiro;19/06/2018;Cotações
Volume_Financeiro;20/06/2018;Cotações
Volume_Financeiro;21/06/2018;Cotações
Volume_Financeiro;22/06/2018;Cotações
Volume_Financeiro;25/06/2018;Cotações
Volume_Financeiro;26/06/2018;Cotações
Volume_Financeiro;27/06/2018;Cotações
Volume_Financeiro;28/06/2018;Cotações
Volume_Financeiro;29/06/2018;Cotações
Volume_Financeiro;02/07/2018;Cotações
Volume_Financeiro;03/07/2018;Cotações
Volume_Financeiro;04/07/2018;Cotações
Volume_Financeiro;05/07/2018;Cotações
Volume_Financeiro;06/07/2018;Cotações
Volume_Financeiro;10/07/2018;Cotações
Volume_Financeiro;11/07/2018;Cotações
Volume_Financeiro;12/07/2018;Cotações
Volume_Financeiro;13/07/2018;Cotações
Volume_Financeiro;16/07/2018;Cotações
Volume_Financeiro;17/07/2018;Cotações
Volume_Financeiro;18/07/2018;Cotações
Volume_Financeiro;19/07/2018;Cotações
Volume_Financeiro;20/07/2018;Cotações
Volume_Financeiro;23/07/2018;Cotações
Volume_Financeiro;24/07/2018;Cotações
Volume_Financeiro;25/07/2018;Cotações
Volume_Financeiro;26/07/2018;Cotações
Volume_Financeiro;27/07/2018;Cotações
Volume_Financeiro;30/07/2018;Cotações
Volume_Financeiro;31/07/2018;Cotações
Volume_Financeiro;01/08/2018;Cotações
Volume_Financeiro;02/08/2018;Cotações
Volume_Financeiro;03/08/2018;Cotações
Volume_Financeiro;06/08/2018;Cotações
Volume_Financeiro;07/08/2018;Cotações
Volume_Financeiro;08/08/2018;Cotações
Volume_Financeiro;09/08/2018;Cotações
Volume_Financeiro;10/08/2018;Cotações
Volume_Financeiro;13/08/2018;Cotações
Volume_Financeiro;14/08/2018;Cotações
Volume_Financeiro;15/08/2018;Cotações
Volume_Financeiro;16/08/2018;Cotações
Volume_Financeiro;17/08/2018;Cotações
Volume_Financeiro;20/08/2018;Cotações
Volume_Financeiro;21/08/2018;Cotações
Volume_Financeiro;22/08/2018;Cotações
Volume_Financeiro;23/08/2018;Cotações
Volume_Financeiro;24/08/2018;Cotações
Volume_Financeiro;27/08/2018;Cotações
Volume_Financeiro;28/08/2018;Cotações
Volume_Financeiro;29/08/2018;Cotações
Volume_Financeiro;30/08/2018;Cotações
Volume_Financeiro;31/08/2018;Cotações
Volume_Financeiro;03/09/2018;Cotações
Volume_Financeiro;04/09/2018;Cotações
Volume_Financeiro;05/09/2018;Cotações
Volume_Financeiro;06/09/2018;Cotações
Volume_Financeiro;10/09/2018;Cotações
Volume_Financeiro;11/09/2018;Cotações
Volume_Financeiro;12/09/2018;Cotações
Volume_Financeiro;13/09/2018;Cotações
Volume_Financeiro;14/09/2018;Cotações
Volume_Financeiro;17/09/2018;Cotações
Volume_Financeiro;18/09/2018;Cotações
Volume_Financeiro;19/09/2018;Cotações
Volume_Financeiro;20/09/2018;Cotações
Volume_Financeiro;21/09/2018;Cotações
Volume_Financeiro;24/09/2018;Cotações
Volume_Financeiro;25/09/2018;Cotações
Volume_Financeiro;26/09/2018;Cotações
Volume_Financeiro;27/09/2018;Cotações
Volume_Financeiro;28/09/2018;Cotações
Volume_Financeiro;01/10/2018;Cotações
Volume_Financeiro;02/10/2018;Cotações
Volume_Financeiro;03/10/2018;Cotações
Volume_Financeiro;04/10/2018;Cotações
Volume_Financeiro;05/10/2018;Cotações
Volume_Financeiro;08/10/2018;Cotações
Volume_Financeiro;09/10/2018;Cotações
Volume_Financeiro;10/10/2018;Cotações
Volume_Financeiro;11/10/2018;Cotações
Volume_Financeiro;15/10/2018;Cotações
Volume_Financeiro;16/10/2018;Cotações
Volume_Financeiro;17/10/2018;Cotações
Volume_Financeiro;18/10/2018;Cotações
Volume_Financeiro;19/10/2018;Cotações
Volume_Financeiro;22/10/2018;Cotações
Volume_Financeiro;23/10/2018;Cotações
Volume_Financeiro;24/10/2018;Cotações
Volume_Financeiro;25/10/2018;Cotações
Volume_Financeiro;26/10/2018;Cotações
Volume_Financeiro;29/10/2018;Cotações
Volume_Financeiro;30/10/2018;Cotações
Volume_Financeiro;31/10/2018;Cotações
Volume_Financeiro;01/11/2018;Cotações
Volume_Financeiro;05/11/2018;Cotações
Volume_Financeiro;06/11/2018;Cotações
Volume_Financeiro;07/11/2018;Cotações
Volume_Financeiro;08/11/2018;Cotações
Volume_Financeiro;09/11/2018;Cotações
Volume_Financeiro;12/11/2018;Cotações
Volume_Financeiro;13/11/2018;Cotações
Volume_Financeiro;14/11/2018;Cotações
Volume_Financeiro;16/11/2018;Cotações
Volume_Financeiro;19/11/2018;Cotações
Volume_Financeiro;21/11/2018;Cotações
Volume_Financeiro;22/11/2018;Cotações
Volume_Financeiro;23/11/2018;Cotações
Volume_Financeiro;26/11/2018;Cotações
Volume_Financeiro;27/11/2018;Cotações
Volume_Financeiro;28/11/2018;Cotações
Volume_Financeiro;29/11/2018;Cotações
Volume_Financeiro;30/11/2018;Cotações
Volume_Financeiro;03/12/2018;Cotações
Volume_Financeiro;04/12/2018;Cotações
Volume_Financeiro;05/12/2018;Cotações
Volume_Financeiro;06/12/2018;Cotações
Volume_Financeiro;07/12/2018;Cotações
Volume_Financeiro;10/12/2018;Cotações
Volume_Financeiro;11/12/2018;Cotações
Volume_Financeiro;12/12/2018;Cotações
Volume_Financeiro;13/12/2018;Cotações
Volume_Financeiro;14/12/2018;Cotações
Volume_Financeiro;17/12/2018;Cotações
Volume_Financeiro;18/12/2018;Cotações
Volume_Financeiro;19/12/2018;Cotações
Volume_Financeiro;20/12/2018;Cotações
Volume_Financeiro;21/12/2018;Cotações
Volume_Financeiro;26/12/2018;Cotações
Volume_Financeiro;27/12/2018;Cotações
Volume_Financeiro;28/12/2018;Cotações
Volume_Financeiro;02/01/2019;Cotações
Volume_Financeiro;03/01/2019;Cotações
Volume_Financeiro;04/01/2019;Cotações
Volume_Financeiro;07/01/2019;Cotações
Volume_Financeiro;08/01/2019;Cotações
Volume_Financeiro;09/01/2019;Cotações
Volume_Financeiro;10/01/2019;Cotações
Volume_Financeiro;11/01/2019;Cotações
Volume_Financeiro;14/01/2019;Cotações
Volume_Financeiro;15/01/2019;Cotações
Volume_Financeiro;16/01/2019;Cotações
Volume_Financeiro;17/01/2019;Cotações
Volume_Financeiro;18/01/2019;Cotações
Volume_Financeiro;21/01/2019;Cotações
Volume_Financeiro;22/01/2019;Cotações
Volume_Financeiro;23/01/2019;Cotações
Volume_Financeiro;24/01/2019;Cotações
Volume_Financeiro;28/01/2019;Cotações
Volume_Financeiro;29/01/2019;Cotações
Volume_Financeiro;30/01/2019;Cotações
Volume_Financeiro;31/01/2019;Cotações
Volume_Financeiro;01/02/2019;Cotações
Volume_Financeiro;04/02/2019;Cotações
Volume_Financeiro;05/02/2019;Cotações
Volume_Financeiro;06/02/2019;Cotações
Volume_Financeiro;07/02/2019;Cotações
Volume_Financeiro;08/02/2019;Cotações
Volume_Financeiro;11/02/2019;Cotações
Volume_Financeiro;12/02/2019;Cotações
Volume_Financeiro;13/02/2019;Cotações
Volume_Financeiro;14/02/2019;Cotações
Volume_Financeiro;15/02/2019;Cotações
Volume_Financeiro;18/02/2019;Cotações
Volume_Financeiro;19/02/2019;Cotações
Volume_Financeiro;20/02/2019;Cotações
Volume_Financeiro;21/02/2019;Cotações
Volume_Financeiro;22/02/2019;Cotações
Volume_Financeiro;25/02/2019;Cotações
Volume_Financeiro;26/02/2019;Cotações
Volume_Financeiro;27/02/2019;Cotações
Volume_Financeiro;28/02/2019;Cotações
Volume_Financeiro;01/03/2019;Cotações
Volume_Financeiro;06/03/2019;Cotações
Volume_Financeiro;07/03/2019;Cotações
Volume_Financeiro;08/03/2019;Cotações
Volume_Financeiro;11/03/2019;Cotações
Volume_Financeiro;12/03/2019;Cotações
Volume_Financeiro;13/03/2019;Cotações
Volume_Financeiro;14/03/2019;Cotações
Volume_Financeiro;15/03/2019;Cotações
Volume_Financeiro;18/03/2019;Cotações
Volume_Financeiro;19/03/2019;Cotações
Volume_Financeiro;20/03/2019;Cotações
Volume_Financeiro;21/03/2019;Cotações
Volume_Financeiro;22/03/2019;Cotações
Volume_Financeiro;25/03/2019;Cotações
Volume_Financeiro;26/03/2019;Cotações
Volume_Financeiro;27/03/2019;Cotações
Volume_Financeiro;28/03/2019;Cotações
Volume_Financeiro;29/03/2019;Cotações
Volume_Financeiro;01/04/2019;Cotações
Volume_Financeiro;02/04/2019;Cotações
Volume_Financeiro;03/04/2019;Cotações
Volume_Financeiro;04/04/2019;Cotações
Volume_Financeiro;05/04/2019;Cotações
Volume_Financeiro;08/04/2019;Cotações
Volume_Financeiro;09/04/2019;Cotações
Volume_Financeiro;10/04/2019;Cotações
Volume_Financeiro;11/04/2019;Cotações
Volume_Financeiro;12/04/2019;Cotações
Volume_Financeiro;15/04/2019;Cotações
Volume_Financeiro;16/04/2019;Cotações
Volume_Financeiro;17/04/2019;Cotações
Volume_Financeiro;18/04/2019;Cotações
Volume_Financeiro;22/04/2019;Cotações
Volume_Financeiro;23/04/2019;Cotações
Volume_Financeiro;24/04/2019;Cotações
Volume_Financeiro;25/04/2019;Cotações
Volume_Financeiro;26/04/2019;Cotações
Volume_Financeiro;29/04/2019;Cotações
Volume_Financeiro;30/04/2019;Cotações
Volume_Financeiro;02/05/2019;Cotações
Volume_Financeiro;03/05/2019;Cotações
Volume_Financeiro;06/05/2019;Cotações
Volume_Financeiro;07/05/2019;Cotações
Volume_Financeiro;08/05/2019;Cotações
Volume_Financeiro;09/05/2019;Cotações
Volume_Financeiro;10/05/2019;Cotações
Volume_Financeiro;13/05/2019;Cotações
Volume_Financeiro;14/05/2019;Cotações
Volume_Financeiro;15/05/2019;Cotações
Volume_Financeiro;16/05/2019;Cotações
Volume_Financeiro;17/05/2019;Cotações
Volume_Financeiro;20/05/2019;Cotações
Volume_Financeiro;21/05/2019;Cotações
Volume_Financeiro;22/05/2019;Cotações
Volume_Financeiro;23/05/2019;Cotações
Volume_Financeiro;24/05/2019;Cotações
Volume_Financeiro;27/05/2019;Cotações
Volume_Financeiro;28/05/2019;Cotações
Volume_Financeiro;29/05/2019;Cotações
Volume_Financeiro;30/05/2019;Cotações
Volume_Financeiro;31/05/2019;Cotações
Volume_Financeiro;03/06/2019;Cotações
Volume_Financeiro;04/06/2019;Cotações
Volume_Financeiro;05/06/2019;Cotações
Volume_Financeiro;06/06/2019;Cotações
Volume_Financeiro;07/06/2019;Cotações
Volume_Financeiro;10/06/2019;Cotações
Volume_Financeiro;11/06/2019;Cotações
Volume_Financeiro;12/06/2019;Cotações
Volume_Financeiro;13/06/2019;Cotações
Volume_Financeiro;14/06/2019;Cotações
Volume_Financeiro;17/06/2019;Cotações
Volume_Financeiro;18/06/2019;Cotações
Volume_Financeiro;19/06/2019;Cotações
Volume_Financeiro;21/06/2019;Cotações
Volume_Financeiro;24/06/2019;Cotações
Volume_Financeiro;25/06/2019;Cotações
Volume_Financeiro;26/06/2019;Cotações
Volume_Financeiro;27/06/2019;Cotações
Volume_Financeiro;28/06/2019;Cotações
Volume_Financeiro;01/07/2019;Cotações
Volume_Financeiro;02/07/2019;Cotações
Volume_Financeiro;03/07/2019;Cotações
Volume_Financeiro;04/07/2019;Cotações
Volume_Financeiro;05/07/2019;Cotações
Volume_Financeiro;08/07/2019;Cotações
Volume_Financeiro;10/07/2019;Cotações
Volume_Financeiro;11/07/2019;Cotações
Volume_Financeiro;12/07/2019;Cotações
Volume_Financeiro;15/07/2019;Cotações
Volume_Financeiro;16/07/2019;Cotações
Volume_Financeiro;17/07/2019;Cotações
Volume_Financeiro;18/07/2019;Cotações
Volume_Financeiro;19/07/2019;Cotações
Volume_Financeiro;22/07/2019;Cotações
Volume_Financeiro;23/07/2019;Cotações
Volume_Financeiro;24/07/2019;Cotações
Volume_Financeiro;25/07/2019;Cotações
Volume_Financeiro;26/07/2019;Cotações
Volume_Financeiro;29/07/2019;Cotações
Volume_Financeiro;30/07/2019;Cotações
Volume_Financeiro;31/07/2019;Cotações
Volume_Financeiro;01/08/2019;Cotações
Volume_Financeiro;02/08/2019;Cotações
Volume_Financeiro;05/08/2019;Cotações
Volume_Financeiro;06/08/2019;Cotações
Volume_Financeiro;07/08/2019;Cotações
Volume_Financeiro;08/08/2019;Cotações
Volume_Financeiro;09/08/2019;Cotações
Volume_Financeiro;12/08/2019;Cotações
Volume_Financeiro;13/08/2019;Cotações
Volume_Financeiro;14/08/2019;Cotações
Volume_Financeiro;15/08/2019;Cotações
Volume_Financeiro;16/08/2019;Cotações
Volume_Financeiro;19/08/2019;Cotações
Volume_Financeiro;20/08/2019;Cotações
Volume_Financeiro;21/08/2019;Cotações
Volume_Financeiro;22/08/2019;Cotações
Volume_Financeiro;23/08/2019;Cotações
Volume_Financeiro;26/08/2019;Cotações
Volume_Financeiro;27/08/2019;Cotações
Volume_Financeiro;28/08/2019;Cotações
Volume_Financeiro;29/08/2019;Cotações
Volume_Financeiro;30/08/2019;Cotações
Volume_Financeiro;02/09/2019;Cotações
Volume_Financeiro;03/09/2019;Cotações
Volume_Financeiro;04/09/2019;Cotações
Volume_Financeiro;05/09/2019;Cotações
Volume_Financeiro;06/09/2019;Cotações
Volume_Financeiro;09/09/2019;Cotações
Volume_Financeiro;10/09/2019;Cotações
Volume_Financeiro;11/09/2019;Cotações
Volume_Financeiro;12/09/2019;Cotações
Volume_Financeiro;13/09/2019;Cotações
Volume_Financeiro;16/09/2019;Cotações
Volume_Financeiro;17/09/2019;Cotações
Volume_Financeiro;18/09/2019;Cotações
Volume_Financeiro;19/09/2019;Cotações
Volume_Financeiro;20/09/2019;Cotações
Volume_Financeiro;23/09/2019;Cotações
Volume_Financeiro;24/09/2019;Cotações
Volume_Financeiro;25/09/2019;Cotações
Volume_Financeiro;26/09/2019;Cotações
Volume_Financeiro;27/09/2019;Cotações
Volume_Financeiro;30/09/2019;Cotações
Volume_Financeiro;01/10/2019;Cotações
Volume_Financeiro;02/10/2019;Cotações
Volume_Financeiro;03/10/2019;Cotações
Volume_Financeiro;04/10/2019;Cotações
Volume_Financeiro;07/10/2019;Cotações
Volume_Financeiro;08/10/2019;Cotações
Volume_Financeiro;09/10/2019;Cotações
Volume_Financeiro;10/10/2019;Cotações
Volume_Financeiro;11/10/2019;Cotações
Volume_Financeiro;14/10/2019;Cotações
Volume_Financeiro;15/10/2019;Cotações
Volume_Financeiro;16/10/2019;Cotações
Volume_Financeiro;17/10/2019;Cotações
Volume_Financeiro;18/10/2019;Cotações
Volume_Financeiro;21/10/2019;Cotações
Volume_Financeiro;22/10/2019;Cotações
Volume_Financeiro;23/10/2019;Cotações
Volume_Financeiro;24/10/2019;Cotações
Volume_Financeiro;25/10/2019;Cotações
Volume_Financeiro;28/10/2019;Cotações
Volume_Financeiro;29/10/2019;Cotações
Volume_Financeiro;30/10/2019;Cotações
Volume_Financeiro;31/10/2019;Cotações
Volume_Financeiro;01/11/2019;Cotações
Volume_Financeiro;04/11/2019;Cotações
Volume_Financeiro;05/11/2019;Cotações
Volume_Financeiro;06/11/2019;Cotações
Volume_Financeiro;07/11/2019;Cotações
Volume_Financeiro;08/11/2019;Cotações
Volume_Financeiro;11/11/2019;Cotações
Volume_Financeiro;12/11/2019;Cotações
Volume_Financeiro;13/11/2019;Cotações
Volume_Financeiro;14/11/2019;Cotações
Volume_Financeiro;18/11/2019;Cotações
Volume_Financeiro;19/11/2019;Cotações
Volume_Financeiro;21/11/2019;Cotações
Volume_Financeiro;22/11/2019;Cotações
Volume_Financeiro;25/11/2019;Cotações
Volume_Financeiro;26/11/2019;Cotações
Volume_Financeiro;27/11/2019;Cotações
Volume_Financeiro;28/11/2019;Cotações
Volume_Financeiro;29/11/2019;Cotações
Volume_Financeiro;02/12/2019;Cotações
Volume_Financeiro;03/12/2019;Cotações
Volume_Financeiro;04/12/2019;Cotações
Volume_Financeiro;05/12/2019;Cotações
Volume_Financeiro;06/12/2019;Cotações
Volume_Financeiro;09/12/2019;Cotações
Volume_Financeiro;10/12/2019;Cotações
Volume_Financeiro;11/12/2019;Cotações
Volume_Financeiro;12/12/2019;Cotações
Volume_Financeiro;13/12/2019;Cotações
Volume_Financeiro;16/12/2019;Cotações
Volume_Financeiro;17/12/2019;Cotações
Volume_Financeiro;18/12/2019;Cotações
Volume_Financeiro;19/12/2019;Cotações
Volume_Financeiro;20/12/2019;Cotações
Volume_Financeiro;23/12/2019;Cotações
Volume_Financeiro;26/12/2019;Cotações
Volume_Financeiro;27/12/2019;Cotações
Volume_Financeiro;30/12/2019;Cotações
Volume_Financeiro;02/01/2020;Cotações
Volume_Financeiro;03/01/2020;Cotações
Volume_Financeiro;06/01/2020;Cotações
Volume_Financeiro;07/01/2020;Cotações
Volume_Financeiro;08/01/2020;Cotações
Volume_Financeiro;09/01/2020;Cotações
Volume_Financeiro;10/01/2020;Cotações
Volume_Financeiro;13/01/2020;Cotações
Volume_Financeiro;14/01/2020;Cotações
Volume_Financeiro;15/01/2020;Cotações
Volume_Financeiro;16/01/2020;Cotações
Volume_Financeiro;17/01/2020;Cotações
Volume_Financeiro;20/01/2020;Cotações
Volume_Financeiro;21/01/2020;Cotações
Volume_Financeiro;22/01/2020;Cotações
Volume_Financeiro;23/01/2020;Cotações
Volume_Financeiro;24/01/2020;Cotações
Volume_Financeiro;27/01/2020;Cotações
Volume_Financeiro;28/01/2020;Cotações
Volume_Financeiro;29/01/2020;Cotações
Volume_Financeiro;30/01/2020;Cotações
Volume_Financeiro;31/01/2020;Cotações
Volume_Financeiro;03/02/2020;Cotações
Volume_Financeiro;04/02/2020;Cotações
Volume_Financeiro;05/02/2020;Cotações
Volume_Financeiro;06/02/2020;Cotações
Volume_Financeiro;07/02/2020;Cotações
Volume_Financeiro;10/02/2020;Cotações
Volume_Financeiro;11/02/2020;Cotações
Volume_Financeiro;12/02/2020;Cotações
Volume_Financeiro;13/02/2020;Cotações
Volume_Financeiro;14/02/2020;Cotações
Volume_Financeiro;17/02/2020;Cotações
Volume_Financeiro;18/02/2020;Cotações
Volume_Financeiro;19/02/2020;Cotações
Volume_Financeiro;20/02/2020;Cotações
Volume_Financeiro;21/02/2020;Cotações
Volume_Financeiro;26/02/2020;Cotações
Volume_Financeiro;27/02/2020;Cotações
Volume_Financeiro;28/02/2020;Cotações
Volume_Financeiro;02/03/2020;Cotações
Volume_Financeiro;03/03/2020;Cotações
Volume_Financeiro;04/03/2020;Cotações
Volume_Financeiro;05/03/2020;Cotações
Volume_Financeiro;06/03/2020;Cotações
Volume_Financeiro;09/03/2020;Cotações
Volume_Financeiro;10/03/2020;Cotações
Volume_Financeiro;11/03/2020;Cotações
Volume_Financeiro;12/03/2020;Cotações
Volume_Financeiro;13/03/2020;Cotações
Volume_Financeiro;16/03/2020;Cotações
Volume_Financeiro;17/03/2020;Cotações
Volume_Financeiro;18/03/2020;Cotações
Volume_Financeiro;19/03/2020;Cotações
Volume_Financeiro;20/03/2020;Cotações
Volume_Financeiro;23/03/2020;Cotações
Volume_Financeiro;24/03/2020;Cotações
Volume_Financeiro;25/03/2020;Cotações
Volume_Financeiro;26/03/2020;Cotações
Volume_Financeiro;27/03/2020;Cotações
Volume_Financeiro;30/03/2020;Cotações
Volume_Financeiro;31/03/2020;Cotações
Volume_Financeiro;01/04/2020;Cotações
Volume_Financeiro;02/04/2020;Cotações
Volume_Financeiro;03/04/2020;Cotações
Volume_Financeiro;06/04/2020;Cotações
Volume_Financeiro;07/04/2020;Cotações
Volume_Financeiro;08/04/2020;Cotações
Volume_Financeiro;09/04/2020;Cotações
Volume_Financeiro;13/04/2020;Cotações
Volume_Financeiro;14/04/2020;Cotações
Volume_Financeiro;15/04/2020;Cotações
Volume_Financeiro;16/04/2020;Cotações
Volume_Financeiro;17/04/2020;Cotações
Volume_Financeiro;20/04/2020;Cotações
Volume_Financeiro;22/04/2020;Cotações
Volume_Financeiro;23/04/2020;Cotações
Volume_Financeiro;24/04/2020;Cotações
Volume_Financeiro;27/04/2020;Cotações
Volume_Financeiro;28/04/2020;Cotações
Volume_Financeiro;29/04/2020;Cotações
Volume_Financeiro;30/04/2020;Cotações
Volume_Financeiro;04/05/2020;Cotações
Volume_Financeiro;05/05/2020;Cotações
Volume_Financeiro;06/05/2020;Cotações
Volume_Financeiro;07/05/2020;Cotações
Volume_Financeiro;08/05/2020;Cotações
Volume_Financeiro;11/05/2020;Cotações
Volume_Financeiro;12/05/2020;Cotações
Volume_Financeiro;13/05/2020;Cotações
Volume_Financeiro;14/05/2020;Cotações
Volume_Financeiro;15/05/2020;Cotações
Volume_Financeiro;18/05/2020;Cotações
Volume_Financeiro;19/05/2020;Cotações
Volume_Financeiro;20/05/2020;Cotações
Volume_Financeiro;21/05/2020;Cotações
Volume_Financeiro;22/05/2020;Cotações
Volume_Financeiro;25/05/2020;Cotações
Volume_Financeiro;26/05/2020;Cotações
Volume_Financeiro;27/05/2020;Cotações
Volume_Financeiro;28/05/2020;Cotações
Volume_Financeiro;29/05/2020;Cotações
Volume_Financeiro;01/06/2020;Cotações
Volume_Financeiro;02/06/2020;Cotações
Volume_Financeiro;03/06/2020;Cotações
Volume_Financeiro;04/06/2020;Cotações
Volume_Financeiro;05/06/2020;Cotações
Volume_Financeiro;08/06/2020;Cotações
Volume_Financeiro;09/06/2020;Cotações
Volume_Financeiro;10/06/2020;Cotações
Volume_Financeiro;12/06/2020;Cotações
Volume_Financeiro;15/06/2020;Cotações
Volume_Financeiro;16/06/2020;Cotações
Volume_Financeiro;17/06/2020;Cotações
Volume_Financeiro;18/06/2020;Cotações
Volume_Financeiro;19/06/2020;Cotações
Volume_Financeiro;22/06/2020;Cotações
Volume_Financeiro;23/06/2020;Cotações
Volume_Financeiro;24/06/2020;Cotações
Volume_Financeiro;25/06/2020;Cotações
Volume_Financeiro;26/06/2020;Cotações
Volume_Financeiro;29/06/2020;Cotações
Volume_Financeiro;30/06/2020;Cotações
Volume_Financeiro;01/07/2020;Cotações
Volume_Financeiro;02/07/2020;Cotações
Volume_Financeiro;03/07/2020;Cotações
Volume_Financeiro;06/07/2020;Cotações
Volume_Financeiro;07/07/2020;Cotações
Volume_Financeiro;08/07/2020;Cotações
Volume_Financeiro;09/07/2020;Cotações
Volume_Financeiro;10/07/2020;Cotações
Volume_Financeiro;13/07/2020;Cotações
Volume_Financeiro;14/07/2020;Cotações
Volume_Financeiro;15/07/2020;Cotações
Volume_Financeiro;16/07/2020;Cotações
Volume_Financeiro;17/07/2020;Cotações
Volume_Financeiro;20/07/2020;Cotações
Volume_Financeiro;21/07/2020;Cotações
Volume_Financeiro;22/07/2020;Cotações
Volume_Financeiro;23/07/2020;Cotações
Volume_Financeiro;24/07/2020;Cotações
Volume_Financeiro;27/07/2020;Cotações
Volume_Financeiro;28/07/2020;Cotações
Volume_Financeiro;29/07/2020;Cotações
Volume_Financeiro;30/07/2020;Cotações
Volume_Financeiro;31/07/2020;Cotações
Volume_Financeiro;03/08/2020;Cotações
Volume_Financeiro;04/08/2020;Cotações
Volume_Financeiro;05/08/2020;Cotações
Volume_Financeiro;06/08/2020;Cotações
Volume_Financeiro;07/08/2020;Cotações
Volume_Financeiro;10/08/2020;Cotações
Volume_Financeiro;11/08/2020;Cotações
Volume_Financeiro;12/08/2020;Cotações
Volume_Financeiro;13/08/2020;Cotações
Volume_Financeiro;14/08/2020;Cotações
Volume_Financeiro;17/08/2020;Cotações
Volume_Financeiro;18/08/2020;Cotações
Volume_Financeiro;19/08/2020;Cotações
Volume_Financeiro;20/08/2020;Cotações
Volume_Financeiro;21/08/2020;Cotações
Volume_Financeiro;24/08/2020;Cotações
Volume_Financeiro;25/08/2020;Cotações
Volume_Financeiro;26/08/2020;Cotações
Volume_Financeiro;27/08/2020;Cotações
Volume_Financeiro;28/08/2020;Cotações
Volume_Financeiro;31/08/2020;Cotações
Volume_Financeiro;01/09/2020;Cotações
Volume_Financeiro;02/09/2020;Cotações
Volume_Financeiro;03/09/2020;Cotações
Volume_Financeiro;04/09/2020;Cotações
Volume_Financeiro;08/09/2020;Cotações
Volume_Financeiro;09/09/2020;Cotações
Volume_Financeiro;10/09/2020;Cotações
Volume_Financeiro;11/09/2020;Cotações
Volume_Financeiro;14/09/2020;Cotações
Volume_Financeiro;15/09/2020;Cotações
Volume_Financeiro;16/09/2020;Cotações
Volume_Financeiro;17/09/2020;Cotações
Volume_Financeiro;18/09/2020;Cotações
Volume_Financeiro;21/09/2020;Cotações
Volume_Financeiro;22/09/2020;Cotações
Volume_Financeiro;23/09/2020;Cotações
Volume_Financeiro;24/09/2020;Cotações
Volume_Financeiro;25/09/2020;Cotações
Volume_Financeiro;28/09/2020;Cotações
Volume_Financeiro;29/09/2020;Cotações
Volume_Financeiro;30/09/2020;Cotações
Volume_Financeiro;01/10/2020;Cotações
Volume_Financeiro;02/10/2020;Cotações
Volume_Financeiro;05/10/2020;Cotações
Volume_Financeiro;06/10/2020;Cotações
Volume_Financeiro;07/10/2020;Cotações
Volume_Financeiro;08/10/2020;Cotações
Volume_Financeiro;09/10/2020;Cotações
Volume_Financeiro;13/10/2020;Cotações
Volume_Financeiro;14/10/2020;Cotações
Volume_Financeiro;15/10/2020;Cotações
Volume_Financeiro;16/10/2020;Cotações
Volume_Financeiro;19/10/2020;Cotações
Volume_Financeiro;20/10/2020;Cotações
Volume_Financeiro;21/10/2020;Cotações
Volume_Financeiro;22/10/2020;Cotações
Volume_Financeiro;23/10/2020;Cotações
Volume_Financeiro;26/10/2020;Cotações
Volume_Financeiro;27/10/2020;Cotações
Volume_Financeiro;28/10/2020;Cotações
Volume_Financeiro;29/10/2020;Cotações
Volume_Financeiro;30/10/2020;Cotações
Volume_Financeiro;03/11/2020;Cotações
Volume_Financeiro;04/11/2020;Cotações
Volume_Financeiro;05/11/2020;Cotações
Volume_Financeiro;06/11/2020;Cotações
Volume_Financeiro;09/11/2020;Cotações
Volume_Financeiro;10/11/2020;Cotações
Volume_Financeiro;11/11/2020;Cotações
Volume_Financeiro;12/11/2020;Cotações
Volume_Financeiro;13/11/2020;Cotações
Volume_Financeiro;16/11/2020;Cotações
Volume_Financeiro;17/11/2020;Cotações
Volume_Financeiro;18/11/2020;Cotações
Volume_Financeiro;19/11/2020;Cotações
Volume_Financeiro;20/11/2020;Cotações
Volume_Financeiro;23/11/2020;Cotações
Volume_Financeiro;24/11/2020;Cotações
Volume_Financeiro;25/11/2020;Cotações
Volume_Financeiro;26/11/2020;Cotações
Volume_Financeiro;27/11/2020;Cotações
Volume_Financeiro;30/11/2020;Cotações
Volume_Financeiro;01/12/2020;Cotações
Volume_Financeiro;02/12/2020;Cotações
Volume_Financeiro;03/12/2020;Cotações
Volume_Financeiro;04/12/2020;Cotações
Volume_Financeiro;07/12/2020;Cotações
Volume_Financeiro;08/12/2020;Cotações
Volume_Financeiro;09/12/2020;Cotações
Volume_Financeiro;10/12/2020;Cotações
Volume_Financeiro;11/12/2020;Cotações
Volume_Financeiro;14/12/2020;Cotações
Volume_Financeiro;15/12/2020;Cotações
Volume_Financeiro;16/12/2020;Cotações
Volume_Financeiro;17/12/2020;Cotações
Volume_Financeiro;18/12/2020;Cotações
Volume_Financeiro;21/12/2020;Cotações
Volume_Financeiro;22/12/2020;Cotações
Volume_Financeiro;23/12/2020;Cotações
Volume_Financeiro;28/12/2020;Cotações
Volume_Financeiro;29/12/2020;Cotações
Volume_Financeiro;30/12/2020;Cotações
Volume_Financeiro;04/01/2021;Cotações
Volume_Financeiro;05/01/2021;Cotações
Volume_Financeiro;06/01/2021;Cotações
Volume_Financeiro;07/01/2021;Cotações
Volume_Financeiro;08/01/2021;Cotações
Volume_Financeiro;11/01/2021;Cotações
Volume_Financeiro;12/01/2021;Cotações
Volume_Financeiro;13/01/2021;Cotações
Volume_Financeiro;14/01/2021;Cotações
Volume_Financeiro;15/01/2021;Cotações
Volume_Financeiro;18/01/2021;Cotações
Volume_Financeiro;19/01/2021;Cotações
Volume_Financeiro;20/01/2021;Cotações
Volume_Financeiro;21/01/2021;Cotações
Volume_Financeiro;22/01/2021;Cotações
Volume_Financeiro;26/01/2021;Cotações
Volume_Financeiro;27/01/2021;Cotações
Volume_Financeiro;28/01/2021;Cotações
Volume_Financeiro;29/01/2021;Cotações
Volume_Financeiro;01/02/2021;Cotações
Volume_Financeiro;02/02/2021;Cotações
Volume_Financeiro;03/02/2021;Cotações
Volume_Financeiro;04/02/2021;Cotações
Volume_Financeiro;05/02/2021;Cotações
Volume_Financeiro;08/02/2021;Cotações
Volume_Financeiro;09/02/2021;Cotações
Volume_Financeiro;10/02/2021;Cotações
Volume_Financeiro;11/02/2021;Cotações
Volume_Financeiro;12/02/2021;Cotações
Volume_Financeiro;17/02/2021;Cotações
Volume_Financeiro;18/02/2021;Cotações
Volume_Financeiro;19/02/2021;Cotações
Volume_Financeiro;22/02/2021;Cotações
Volume_Financeiro;23/02/2021;Cotações
Volume_Financeiro;24/02/2021;Cotações
Volume_Financeiro;25/02/2021;Cotações
Volume_Financeiro;26/02/2021;Cotações
Volume_Financeiro;01/03/2021;Cotações
Volume_Financeiro;02/03/2021;Cotações
Volume_Financeiro;03/03/2021;Cotações
Volume_Financeiro;04/03/2021;Cotações
Volume_Financeiro;05/03/2021;Cotações
Volume_Financeiro;08/03/2021;Cotações
Volume_Financeiro;09/03/2021;Cotações
Volume_Financeiro;10/03/2021;Cotações
Volume_Financeiro;11/03/2021;Cotações
Volume_Financeiro;12/03/2021;Cotações
Volume_Financeiro;15/03/2021;Cotações
Volume_Financeiro;16/03/2021;Cotações
Volume_Financeiro;17/03/2021;Cotações
Volume_Financeiro;18/03/2021;Cotações
Volume_Financeiro;19/03/2021;Cotações
Volume_Financeiro;22/03/2021;Cotações
Volume_Financeiro;23/03/2021;Cotações
Volume_Financeiro;24/03/2021;Cotações
Volume_Financeiro;25/03/2021;Cotações
Volume_Financeiro;26/03/2021;Cotações
Volume_Financeiro;29/03/2021;Cotações
Volume_Financeiro;30/03/2021;Cotações
Volume_Financeiro;31/03/2021;Cotações
Volume_Financeiro;01/04/2021;Cotações
Volume_Financeiro;05/04/2021;Cotações
Volume_Financeiro;06/04/2021;Cotações
Volume_Financeiro;07/04/2021;Cotações
Volume_Financeiro;08/04/2021;Cotações
Volume_Financeiro;09/04/2021;Cotações
Volume_Financeiro;12/04/2021;Cotações
Volume_Financeiro;13/04/2021;Cotações
Volume_Financeiro;14/04/2021;Cotações
Volume_Financeiro;15/04/2021;Cotações
Volume_Financeiro;16/04/2021;Cotações
Volume_Financeiro;19/04/2021;Cotações
Volume_Financeiro;20/04/2021;Cotações
Volume_Financeiro;22/04/2021;Cotações
Volume_Financeiro;23/04/2021;Cotações
Volume_Financeiro;26/04/2021;Cotações
Volume_Financeiro;27/04/2021;Cotações
Volume_Financeiro;28/04/2021;Cotações
Volume_Financeiro;29/04/2021;Cotações
Volume_Financeiro;30/04/2021;Cotações
Volume_Financeiro;03/05/2021;Cotações
Volume_Financeiro;04/05/2021;Cotações
Volume_Financeiro;05/05/2021;Cotações
Volume_Financeiro;06/05/2021;Cotações
Volume_Financeiro;07/05/2021;Cotações
Volume_Financeiro;10/05/2021;Cotações
Volume_Financeiro;11/05/2021;Cotações
Volume_Financeiro;12/05/2021;Cotações
Volume_Financeiro;13/05/2021;Cotações
Volume_Financeiro;14/05/2021;Cotações
Volume_Financeiro;17/05/2021;Cotações
Volume_Financeiro;18/05/2021;Cotações
Volume_Financeiro;19/05/2021;Cotações
Volume_Financeiro;20/05/2021;Cotações
Volume_Financeiro;21/05/2021;Cotações
Volume_Financeiro;24/05/2021;Cotações
Volume_Financeiro;25/05/2021;Cotações
Volume_Financeiro;26/05/2021;Cotações
Volume_Financeiro;27/05/2021;Cotações
Volume_Financeiro;28/05/2021;Cotações
Volume_Financeiro;31/05/2021;Cotações
Volume_Financeiro;01/06/2021;Cotações
Volume_Financeiro;02/06/2021;Cotações
Volume_Financeiro;04/06/2021;Cotações
Volume_Financeiro;07/06/2021;Cotações
Volume_Financeiro;08/06/2021;Cotações
Volume_Financeiro;09/06/2021;Cotações
Volume_Financeiro;10/06/2021;Cotações
Volume_Financeiro;11/06/2021;Cotações
Volume_Financeiro;14/06/2021;Cotações
Volume_Financeiro;15/06/2021;Cotações
Volume_Financeiro;16/06/2021;Cotações
Volume_Financeiro;17/06/2021;Cotações
Volume_Financeiro;18/06/2021;Cotações
Volume_Financeiro;21/06/2021;Cotações
Volume_Financeiro;22/06/2021;Cotações
Volume_Financeiro;23/06/2021;Cotações
Volume_Financeiro;24/06/2021;Cotações
Volume_Financeiro;25/06/2021;Cotações
Volume_Financeiro;28/06/2021;Cotações
Volume_Financeiro;29/06/2021;Cotações
Volume_Financeiro;30/06/2021;Cotações
Volume_Financeiro;01/07/2021;Cotações
Volume_Financeiro;02/07/2021;Cotações
Volume_Financeiro;05/07/2021;Cotações
Volume_Financeiro;06/07/2021;Cotações
Volume_Financeiro;07/07/2021;Cotações
Volume_Financeiro;08/07/2021;Cotações
Volume_Financeiro;12/07/2021;Cotações
Volume_Financeiro;13/07/2021;Cotações
Volume_Financeiro;14/07/2021;Cotações
Volume_Financeiro;15/07/2021;Cotações
Volume_Financeiro;16/07/2021;Cotações
Volume_Financeiro;19/07/2021;Cotações
Volume_Financeiro;20/07/2021;Cotações
Volume_Financeiro;21/07/2021;Cotações
Volume_Financeiro;22/07/2021;Cotações
Volume_Financeiro;23/07/2021;Cotações
Volume_Financeiro;26/07/2021;Cotações
Volume_Financeiro;27/07/2021;Cotações
Volume_Financeiro;28/07/2021;Cotações
Volume_Financeiro;29/07/2021;Cotações
Volume_Financeiro;30/07/2021;Cotações
Volume_Financeiro;02/08/2021;Cotações
Volume_Financeiro;03/08/2021;Cotações
Volume_Financeiro;04/08/2021;Cotações
Volume_Financeiro;05/08/2021;Cotações
Volume_Financeiro;06/08/2021;Cotações
Volume_Financeiro;09/08/2021;Cotações
Volume_Financeiro;10/08/2021;Cotações
Volume_Financeiro;11/08/2021;Cotações
Volume_Financeiro;12/08/2021;Cotações
Volume_Financeiro;13/08/2021;Cotações
Volume_Financeiro;16/08/2021;Cotações
Volume_Financeiro;17/08/2021;Cotações
Volume_Financeiro;18/08/2021;Cotações
Volume_Financeiro;19/08/2021;Cotações
Volume_Financeiro;20/08/2021;Cotações
Volume_Financeiro;23/08/2021;Cotações
Volume_Financeiro;24/08/2021;Cotações
Volume_Financeiro;25/08/2021;Cotações
Volume_Financeiro;26/08/2021;Cotações
Volume_Financeiro;27/08/2021;Cotações
Volume_Financeiro;30/08/2021;Cotações
Volume_Financeiro;31/08/2021;Cotações
Volume_Financeiro;01/09/2021;Cotações
Volume_Financeiro;02/09/2021;Cotações
Volume_Financeiro;03/09/2021;Cotações
Volume_Financeiro;06/09/2021;Cotações
Volume_Financeiro;08/09/2021;Cotações
Volume_Financeiro;09/09/2021;Cotações
Volume_Financeiro;10/09/2021;Cotações
Volume_Financeiro;13/09/2021;Cotações
Volume_Financeiro;14/09/2021;Cotações
Volume_Financeiro;15/09/2021;Cotações
Volume_Financeiro;16/09/2021;Cotações
Volume_Financeiro;17/09/2021;Cotações
Volume_Financeiro;20/09/2021;Cotações
Volume_Financeiro;21/09/2021;Cotações
Volume_Financeiro;22/09/2021;Cotações
Volume_Financeiro;23/09/2021;Cotações
Volume_Financeiro;24/09/2021;Cotações
Volume_Financeiro;27/09/2021;Cotações
Volume_Financeiro;28/09/2021;Cotações
Volume_Financeiro;29/09/2021;Cotações
Volume_Financeiro;30/09/2021;Cotações
Volume_Financeiro;01/10/2021;Cotações
Volume_Financeiro;04/10/2021;Cotações
Volume_Financeiro;05/10/2021;Cotações
Volume_Financeiro;06/10/2021;Cotações
Volume_Financeiro;07/10/2021;Cotações
Volume_Financeiro;08/10/2021;Cotações
Volume_Financeiro;11/10/2021;Cotações
Volume_Financeiro;13/10/2021;Cotações
Volume_Financeiro;14/10/2021;Cotações
Volume_Financeiro;15/10/2021;Cotações
Volume_Financeiro;18/10/2021;Cotações
Volume_Financeiro;19/10/2021;Cotações
Volume_Financeiro;20/10/2021;Cotações
Volume_Financeiro;21/10/2021;Cotações
Volume_Financeiro;22/10/2021;Cotações
Volume_Financeiro;25/10/2021;Cotações
Volume_Financeiro;26/10/2021;Cotações
Volume_Financeiro;27/10/2021;Cotações
Volume_Financeiro;28/10/2021;Cotações
Volume_Financeiro;29/10/2021;Cotações
Volume_Financeiro;01/11/2021;Cotações
Volume_Financeiro;03/11/2021;Cotações
Volume_Financeiro;04/11/2021;Cotações
Volume_Financeiro;05/11/2021;Cotações
Volume_Financeiro;08/11/2021;Cotações
Volume_Financeiro;09/11/2021;Cotações
Volume_Financeiro;10/11/2021;Cotações
Volume_Financeiro;11/11/2021;Cotações
Volume_Financeiro;12/11/2021;Cotações
Volume_Financeiro;16/11/2021;Cotações
Volume_Financeiro;17/11/2021;Cotações
Volume_Financeiro;18/11/2021;Cotações
Volume_Financeiro;19/11/2021;Cotações
Volume_Financeiro;22/11/2021;Cotações
Volume_Financeiro;23/11/2021;Cotações
Volume_Financeiro;24/11/2021;Cotações
Volume_Financeiro;25/11/2021;Cotações
Volume_Financeiro;26/11/2021;Cotações
Volume_Financeiro;29/11/2021;Cotações
Volume_Financeiro;30/11/2021;Cotações
Volume_Financeiro;01/12/2021;Cotações
Volume_Financeiro;02/12/2021;Cotações
Volume_Financeiro;03/12/2021;Cotações
Volume_Financeiro;06/12/2021;Cotações
Volume_Financeiro;07/12/2021;Cotações
Volume_Financeiro;08/12/2021;Cotações
Volume_Financeiro;09/12/2021;Cotações
Volume_Financeiro;10/12/2021;Cotações
Volume_Financeiro;13/12/2021;Cotações
Volume_Financeiro;14/12/2021;Cotações
Volume_Financeiro;15/12/2021;Cotações
Volume_Financeiro;16/12/2021;Cotações
Volume_Financeiro;17/12/2021;Cotações
Volume_Financeiro;20/12/2021;Cotações
Volume_Financeiro;21/12/2021;Cotações
Volume_Financeiro;22/12/2021;Cotações
Volume_Financeiro;23/12/2021;Cotações
Volume_Financeiro;27/12/2021;Cotações
Volume_Financeiro;28/12/2021;Cotações
Volume_Financeiro;29/12/2021;Cotações
Volume_Financeiro;30/12/2021;Cotações
Volume_Financeiro;03/01/2022;Cotações
Volume_Financeiro;04/01/2022;Cotações
Volume_Financeiro;05/01/2022;Cotações
Volume_Financeiro;06/01/2022;Cotações
Volume_Financeiro;07/01/2022;Cotações
Volume_Financeiro;10/01/2022;Cotações
Volume_Financeiro;11/01/2022;Cotações
Volume_Financeiro;12/01/2022;Cotações
Volume_Financeiro;13/01/2022;Cotações
Volume_Financeiro;14/01/2022;Cotações
Volume_Financeiro;17/01/2022;Cotações
Volume_Financeiro;18/01/2022;Cotações
Volume_Financeiro;19/01/2022;Cotações
Volume_Financeiro;20/01/2022;Cotações
Volume_Financeiro;21/01/2022;Cotações
Volume_Financeiro;24/01/2022;Cotações
Volume_Financeiro;25/01/2022;Cotações
Volume_Financeiro;26/01/2022;Cotações
Volume_Financeiro;27/01/2022;Cotações
Volume_Financeiro;28/01/2022;Cotações
Volume_Financeiro;31/01/2022;Cotações
Volume_Financeiro;01/02/2022;Cotações
Volume_Financeiro;02/02/2022;Cotações
Volume_Financeiro;03/02/2022;Cotações
Volume_Financeiro;04/02/2022;Cotações
Volume_Financeiro;07/02/2022;Cotações
Volume_Financeiro;08/02/2022;Cotações
Volume_Financeiro;09/02/2022;Cotações
Volume_Financeiro;10/02/2022;Cotações
Volume_Financeiro;11/02/2022;Cotações
Volume_Financeiro;14/02/2022;Cotações
Volume_Financeiro;15/02/2022;Cotações
Volume_Financeiro;16/02/2022;Cotações
Volume_Financeiro;17/02/2022;Cotações
Volume_Financeiro;18/02/2022;Cotações
Volume_Financeiro;21/02/2022;Cotações
Volume_Financeiro;22/02/2022;Cotações
Volume_Financeiro;23/02/2022;Cotações
Volume_Financeiro;24/02/2022;Cotações
Volume_Financeiro;25/02/2022;Cotações
Volume_Financeiro;02/03/2022;Cotações
Volume_Financeiro;03/03/2022;Cotações
Volume_Financeiro;04/03/2022;Cotações
Volume_Financeiro;07/03/2022;Cotações
Volume_Financeiro;08/03/2022;Cotações
Volume_Financeiro;09/03/2022;Cotações
Volume_Financeiro;10/03/2022;Cotações
Volume_Financeiro;11/03/2022;Cotações
Volume_Financeiro;14/03/2022;Cotações
Volume_Financeiro;15/03/2022;Cotações
Volume_Financeiro;16/03/2022;Cotações
Volume_Financeiro;17/03/2022;Cotações
Volume_Financeiro;18/03/2022;Cotações
Volume_Financeiro;21/03/2022;Cotações
Volume_Financeiro;22/03/2022;Cotações
Volume_Financeiro;23/03/2022;Cotações
Volume_Financeiro;24/03/2022;Cotações
Volume_Financeiro;25/03/2022;Cotações
Volume_Financeiro;28/03/2022;Cotações
Volume_Financeiro;29/03/2022;Cotações
Volume_Financeiro;30/03/2022;Cotações
Volume_Financeiro;31/03/2022;Cotações
Volume_Financeiro;01/04/2022;Cotações
Volume_Financeiro;04/04/2022;Cotações
Volume_Financeiro;05/04/2022;Cotações
Volume_Financeiro;06/04/2022;Cotações
Volume_Financeiro;07/04/2022;Cotações
Volume_Financeiro;08/04/2022;Cotações
Volume_Financeiro;11/04/2022;Cotações
Volume_Financeiro;12/04/2022;Cotações
Volume_Financeiro;13/04/2022;Cotações
Volume_Financeiro;14/04/2022;Cotações
Volume_Financeiro;18/04/2022;Cotações
Volume_Financeiro;19/04/2022;Cotações
Volume_Financeiro;20/04/2022;Cotações
Volume_Financeiro;22/04/2022;Cotações
Volume_Financeiro;25/04/2022;Cotações
Volume_Financeiro;26/04/2022;Cotações
Volume_Financeiro;27/04/2022;Cotações
Volume_Financeiro;28/04/2022;Cotações
Volume_Financeiro;29/04/2022;Cotações
Volume_Financeiro;02/05/2022;Cotações
Volume_Financeiro;03/05/2022;Cotações
Volume_Financeiro;04/05/2022;Cotações
Volume_Financeiro;05/05/2022;Cotações
Volume_Financeiro;06/05/2022;Cotações
Volume_Financeiro;09/05/2022;Cotações
Volume_Financeiro;10/05/2022;Cotações
Volume_Financeiro;11/05/2022;Cotações
Volume_Financeiro;12/05/2022;Cotações
Volume_Financeiro;13/05/2022;Cotações
Volume_Financeiro;16/05/2022;Cotações
Volume_Financeiro;17/05/2022;Cotações
Volume_Financeiro;18/05/2022;Cotações
Volume_Financeiro;19/05/2022;Cotações
Volume_Financeiro;20/05/2022;Cotações
Volume_Financeiro;23/05/2022;Cotações
Volume_Financeiro;24/05/2022;Cotações
Volume_Financeiro;25/05/2022;Cotações
Volume_Financeiro;26/05/2022;Cotações
Volume_Financeiro;27/05/2022;Cotações
Volume_Financeiro;30/05/2022;Cotações
Volume_Financeiro;31/05/2022;Cotações
Volume_Financeiro;01/06/2022;Cotações
Volume_Financeiro;02/06/2022;Cotações
Volume_Financeiro;03/06/2022;Cotações
Volume_Financeiro;06/06/2022;Cotações
Volume_Financeiro;07/06/2022;Cotações
Volume_Financeiro;08/06/2022;Cotações
Volume_Financeiro;09/06/2022;Cotações
Volume_Financeiro;10/06/2022;Cotações
Volume_Financeiro;13/06/2022;Cotações
Volume_Financeiro;14/06/2022;Cotações
Volume_Financeiro;15/06/2022;Cotações
Volume_Financeiro;17/06/2022;Cotações
Volume_Financeiro;20/06/2022;Cotações
Volume_Financeiro;21/06/2022;Cotações
Volume_Financeiro;22/06/2022;Cotações
Volume_Financeiro;23/06/2022;Cotações
Volume_Financeiro;24/06/2022;Cotações
Volume_Financeiro;27/06/2022;Cotações
Volume_Financeiro;28/06/2022;Cotações
Volume_Financeiro;29/06/2022;Cotações
Volume_Financeiro;30/06/2022;Cotações
Volume_Financeiro;01/07/2022;Cotações
Volume_Financeiro;04/07/2022;Cotações
Volume_Financeiro;05/07/2022;Cotações
Volume_Financeiro;06/07/2022;Cotações
Volume_Financeiro;07/07/2022;Cotações
Volume_Financeiro;08/07/2022;Cotações
Volume_Financeiro;11/07/2022;Cotações
Volume_Financeiro;12/07/2022;Cotações
Volume_Financeiro;13/07/2022;Cotações
Volume_Financeiro;14/07/2022;Cotações
Volume_Financeiro;15/07/2022;Cotações
Volume_Financeiro;18/07/2022;Cotações
Volume_Financeiro;19/07/2022;Cotações
Volume_Financeiro;20/07/2022;Cotações
Volume_Financeiro;21/07/2022;Cotações
Volume_Financeiro;22/07/2022;Cotações
Volume_Financeiro;25/07/2022;Cotações
Volume_Financeiro;26/07/2022;Cotações
Volume_Financeiro;27/07/2022;Cotações
Volume_Financeiro;28/07/2022;Cotações
Volume_Financeiro;29/07/2022;Cotações
Volume_Financeiro;01/08/2022;Cotações
Volume_Financeiro;02/08/2022;Cotações
Volume_Financeiro;03/08/2022;Cotações
Volume_Financeiro;04/08/2022;Cotações
Volume_Financeiro;05/08/2022;Cotações
Volume_Financeiro;08/08/2022;Cotações
Volume_Financeiro;09/08/2022;Cotações
Volume_Financeiro;10/08/2022;Cotações
Volume_Financeiro;11/08/2022;Cotações
Volume_Financeiro;12/08/2022;Cotações
Volume_Financeiro;15/08/2022;Cotações
Volume_Financeiro;16/08/2022;Cotações
Volume_Financeiro;17/08/2022;Cotações
Volume_Financeiro;18/08/2022;Cotações
Volume_Financeiro;19/08/2022;Cotações
Volume_Financeiro;22/08/2022;Cotações
Volume_Financeiro;23/08/2022;Cotações
Volume_Financeiro;24/08/2022;Cotações
Volume_Financeiro;25/08/2022;Cotações
Volume_Financeiro;26/08/2022;Cotações
Volume_Financeiro;29/08/2022;Cotações
Volume_Financeiro;30/08/2022;Cotações
Volume_Financeiro;31/08/2022;Cotações
Volume_Financeiro;01/09/2022;Cotações
Volume_Financeiro;02/09/2022;Cotações
Volume_Financeiro;05/09/2022;Cotações
Volume_Financeiro;06/09/2022;Cotações
Volume_Financeiro;08/09/2022;Cotações
Volume_Financeiro;09/09/2022;Cotações
Volume_Financeiro;12/09/2022;Cotações
Volume_Financeiro;13/09/2022;Cotações
Volume_Financeiro;14/09/2022;Cotações
Volume_Financeiro;15/09/2022;Cotações
Volume_Financeiro;16/09/2022;Cotações
Volume_Financeiro;19/09/2022;Cotações
Volume_Financeiro;20/09/2022;Cotações
Volume_Financeiro;21/09/2022;Cotações
Volume_Financeiro;22/09/2022;Cotações
Volume_Financeiro;23/09/2022;Cotações
Volume_Financeiro;26/09/2022;Cotações
Volume_Financeiro;27/09/2022;Cotações
Volume_Financeiro;28/09/2022;Cotações
Volume_Financeiro;29/09/2022;Cotações
Volume_Financeiro;30/09/2022;Cotações
Volume_Financeiro;03/10/2022;Cotações
Volume_Financeiro;04/10/2022;Cotações
Volume_Financeiro;05/10/2022;Cotações
Volume_Financeiro;06/10/2022;Cotações
Volume_Financeiro;07/10/2022;Cotações
Volume_Financeiro;10/10/2022;Cotações
Volume_Financeiro;11/10/2022;Cotações
Volume_Financeiro;13/10/2022;Cotações
Volume_Financeiro;14/10/2022;Cotações
Volume_Financeiro;17/10/2022;Cotações
Volume_Financeiro;18/10/2022;Cotações
Volume_Financeiro;19/10/2022;Cotações
Volume_Financeiro;20/10/2022;Cotações
Volume_Financeiro;21/10/2022;Cotações
Volume_Financeiro;24/10/2022;Cotações
Volume_Financeiro;25/10/2022;Cotações
Volume_Financeiro;26/10/2022;Cotações
Volume_Financeiro;27/10/2022;Cotações
Volume_Financeiro;28/10/2022;Cotações
Volume_Financeiro;31/10/2022;Cotações
Volume_Financeiro;01/11/2022;Cotações
Volume_Financeiro;03/11/2022;Cotações
Volume_Financeiro;04/11/2022;Cotações
Volume_Financeiro;07/11/2022;Cotações
Volume_Financeiro;08/11/2022;Cotações
Volume_Financeiro;09/11/2022;Cotações
Volume_Financeiro;10/11/2022;Cotações
Volume_Financeiro;11/11/2022;Cotações
Volume_Financeiro;14/11/2022;Cotações
Volume_Financeiro;16/11/2022;Cotações
Volume_Financeiro;17/11/2022;Cotações
Volume_Financeiro;18/11/2022;Cotações
Volume_Financeiro;21/11/2022;Cotações
Volume_Financeiro;22/11/2022;Cotações
Volume_Financeiro;23/11/2022;Cotações
Volume_Financeiro;24/11/2022;Cotações
Volume_Financeiro;25/11/2022;Cotações
Volume_Financeiro;28/11/2022;Cotações
Volume_Financeiro;29/11/2022;Cotações
Volume_Financeiro;30/11/2022;Cotações
Volume_Financeiro;01/12/2022;Cotações
Volume_Financeiro;02/12/2022;Cotações
Volume_Financeiro;05/12/2022;Cotações
Volume_Financeiro;06/12/2022;Cotações
Volume_Financeiro;07/12/2022;Cotações
Volume_Financeiro;08/12/2022;Cotações
Volume_Financeiro;09/12/2022;Cotações
Volume_Financeiro;12/12/2022;Cotações
Volume_Financeiro;13/12/2022;Cotações
Volume_Financeiro;14/12/2022;Cotações
Volume_Financeiro;15/12/2022;Cotações
Volume_Financeiro;16/12/2022;Cotações
Volume_Financeiro;19/12/2022;Cotações
Volume_Financeiro;20/12/2022;Cotações
Volume_Financeiro;21/12/2022;Cotações
Volume_Financeiro;22/12/2022;Cotações
Volume_Financeiro;23/12/2022;Cotações
Volume_Financeiro;26/12/2022;Cotações
Volume_Financeiro;27/12/2022;Cotações
Volume_Financeiro;28/12/2022;Cotações
Volume_Financeiro;29/12/2022;Cotações
Volume_Financeiro;02/01/2023;Cotações
Volume_Financeiro;03/01/2023;Cotações
Volume_Financeiro;04/01/2023;Cotações
Volume_Financeiro;05/01/2023;Cotações
Volume_Financeiro;06/01/2023;Cotações
Volume_Financeiro;09/01/2023;Cotações
Volume_Financeiro;10/01/2023;Cotações
Volume_Financeiro;11/01/2023;Cotações
Volume_Financeiro;12/01/2023;Cotações
Volume_Financeiro;13/01/2023;Cotações
Volume_Financeiro;16/01/2023;Cotações
Volume_Financeiro;17/01/2023;Cotações
Volume_Financeiro;18/01/2023;Cotações
Volume_Financeiro;19/01/2023;Cotações
Volume_Financeiro;20/01/2023;Cotações
Volume_Financeiro;23/01/2023;Cotações
Volume_Financeiro;24/01/2023;Cotações
Volume_Financeiro;25/01/2023;Cotações
Volume_Financeiro;26/01/2023;Cotações
Volume_Financeiro;27/01/2023;Cotações
Volume_Financeiro;30/01/2023;Cotações
Volume_Financeiro;31/01/2023;Cotações
Volume_Financeiro;01/02/2023;Cotações
Volume_Financeiro;02/02/2023;Cotações
Volume_Financeiro;03/02/2023;Cotações
Volume_Financeiro;06/02/2023;Cotações
Volume_Financeiro;07/02/2023;Cotações
Volume_Financeiro;08/02/2023;Cotações
Volume_Financeiro;09/02/2023;Cotações
Volume_Financeiro;10/02/2023;Cotações
Volume_Financeiro;13/02/2023;Cotações
Volume_Financeiro;14/02/2023;Cotações
Volume_Financeiro;15/02/2023;Cotações
Volume_Financeiro;16/02/2023;Cotações
Volume_Financeiro;17/02/2023;Cotações
Volume_Financeiro;22/02/2023;Cotações
Volume_Financeiro;23/02/2023;Cotações
Volume_Financeiro;24/02/2023;Cotações
Volume_Financeiro;27/02/2023;Cotações
Volume_Financeiro;28/02/2023;Cotações
Volume_Financeiro;01/03/2023;Cotações
Volume_Financeiro;02/03/2023;Cotações
Volume_Financeiro;03/03/2023;Cotações
Volume_Financeiro;06/03/2023;Cotações
Volume_Financeiro;07/03/2023;Cotações
Volume_Financeiro;08/03/2023;Cotações
Volume_Financeiro;09/03/2023;Cotações
Volume_Financeiro;10/03/2023;Cotações
Volume_Financeiro;13/03/2023;Cotações
Volume_Financeiro;14/03/2023;Cotações
Volume_Financeiro;15/03/2023;Cotações
Volume_Financeiro;16/03/2023;Cotações
Volume_Financeiro;17/03/2023;Cotações
Volume_Financeiro;20/03/2023;Cotações
Volume_Financeiro;21/03/2023;Cotações
Volume_Financeiro;22/03/2023;Cotações
Volume_Financeiro;23/03/2023;Cotações
Volume_Financeiro;24/03/2023;Cotações
Volume_Financeiro;27/03/2023;Cotações
Volume_Financeiro;28/03/2023;Cotações
Volume_Financeiro;29/03/2023;Cotações
Volume_Financeiro;30/03/2023;Cotações
Volume_Financeiro;31/03/2023;Cotações
Volume_Financeiro;03/04/2023;Cotações
Volume_Financeiro;04/04/2023;Cotações
Volume_Financeiro;05/04/2023;Cotações
Volume_Financeiro;06/04/2023;Cotações
Volume_Financeiro;10/04/2023;Cotações
Volume_Financeiro;11/04/2023;Cotações
Volume_Financeiro;12/04/2023;Cotações
Volume_Financeiro;13/04/2023;Cotações
Volume_Financeiro;14/04/2023;Cotações
Volume_Financeiro;17/04/2023;Cotações
Volume_Financeiro;18/04/2023;Cotações
Volume_Financeiro;19/04/2023;Cotações
Volume_Financeiro;20/04/2023;Cotações
Volume_Financeiro;24/04/2023;Cotações
Volume_Financeiro;25/04/2023;Cotações
Volume_Financeiro;26/04/2023;Cotações
Volume_Financeiro;27/04/2023;Cotações
Volume_Financeiro;28/04/2023;Cotações
Volume_Financeiro;02/05/2023;Cotações
Volume_Financeiro;03/05/2023;Cotações
Volume_Financeiro;04/05/2023;Cotações
Volume_Financeiro;05/05/2023;Cotações
Volume_Financeiro;08/05/2023;Cotações
Volume_Financeiro;09/05/2023;Cotações
Volume_Financeiro;10/05/2023;Cotações
Volume_Financeiro;11/05/2023;Cotações
Volume_Financeiro;12/05/2023;Cotações
Volume_Financeiro;15/05/2023;Cotações
Volume_Financeiro;16/05/2023;Cotações
Volume_Financeiro;17/05/2023;Cotações
Volume_Financeiro;18/05/2023;Cotações
Volume_Financeiro;19/05/2023;Cotações
Volume_Financeiro;22/05/2023;Cotações
Volume_Financeiro;23/05/2023;Cotações
Volume_Financeiro;24/05/2023;Cotações
Volume_Financeiro;25/05/2023;Cotações
Volume_Financeiro;26/05/2023;Cotações
Volume_Financeiro;29/05/2023;Cotações
Volume_Financeiro;30/05/2023;Cotações
Volume_Financeiro;31/05/2023;Cotações
Volume_Financeiro;01/06/2023;Cotações
Volume_Financeiro;02/06/2023;Cotações
Volume_Financeiro;05/06/2023;Cotações
Volume_Financeiro;06/06/2023;Cotações
Volume_Financeiro;07/06/2023;Cotações
Volume_Financeiro;09/06/2023;Cotações
Volume_Financeiro;12/06/2023;Cotações
Volume_Financeiro;13/06/2023;Cotações
Volume_Financeiro;14/06/2023;Cotações
Volume_Financeiro;15/06/2023;Cotações
Volume_Financeiro;16/06/2023;Cotações
Volume_Financeiro;19/06/2023;Cotações
Volume_Financeiro;20/06/2023;Cotações
Volume_Financeiro;21/06/2023;Cotações
Volume_Financeiro;22/06/2023;Cotações
Volume_Financeiro;23/06/2023;Cotações
Volume_Financeiro;26/06/2023;Cotações
Volume_Financeiro;27/06/2023;Cotações
Volume_Financeiro;28/06/2023;Cotações
Volume_Financeiro;29/06/2023;Cotações
Volume_Financeiro;30/06/2023;Cotações
Volume_Financeiro;03/07/2023;Cotações
Volume_Financeiro;04/07/2023;Cotações
Volume_Financeiro;05/07/2023;Cotações
Volume_Financeiro;06/07/2023;Cotações
Volume_Financeiro;07/07/2023;Cotações
Volume_Financeiro;10/07/2023;Cotações
Volume_Financeiro;11/07/2023;Cotações
Volume_Financeiro;12/07/2023;Cotações
Volume_Financeiro;13/07/2023;Cotações
Volume_Financeiro;14/07/2023;Cotações
Volume_Financeiro;17/07/2023;Cotações
Volume_Financeiro;18/07/2023;Cotações
Volume_Financeiro;19/07/2023;Cotações
Volume_Financeiro;20/07/2023;Cotações
Volume_Financeiro;21/07/2023;Cotações
Volume_Financeiro;24/07/2023;Cotações
Volume_Financeiro;25/07/2023;Cotações
Volume_Financeiro;26/07/2023;Cotações
Volume_Financeiro;27/07/2023;Cotações
Volume_Financeiro;28/07/2023;Cotações
Volume_Financeiro;31/07/2023;Cotações
Volume_Financeiro;01/08/2023;Cotações
Volume_Financeiro;02/08/2023;Cotações
Volume_Financeiro;03/08/2023;Cotações
Volume_Financeiro;04/08/2023;Cotações
Volume_Financeiro;07/08/2023;Cotações
Volume_Financeiro;08/08/2023;Cotações
Volume_Financeiro;09/08/2023;Cotações
Volume_Financeiro;10/08/2023;Cotações
Volume_Financeiro;11/08/2023;Cotações
Volume_Financeiro;14/08/2023;Cotações
Volume_Financeiro;15/08/2023;Cotações
Volume_Financeiro;16/08/2023;Cotações
Volume_Financeiro;17/08/2023;Cotações
Volume_Financeiro;18/08/2023;Cotações
Volume_Financeiro;21/08/2023;Cotações
Volume_Financeiro;22/08/2023;Cotações
Volume_Financeiro;23/08/2023;Cotações
Volume_Financeiro;24/08/2023;Cotações
Volume_Financeiro;25/08/2023;Cotações
Volume_Financeiro;28/08/2023;Cotações
Volume_Financeiro;29/08/2023;Cotações
Volume_Financeiro;30/08/2023;Cotações
Volume_Financeiro;31/08/2023;Cotações
Volume_Financeiro;01/09/2023;Cotações
Volume_Financeiro;04/09/2023;Cotações
Volume_Financeiro;05/09/2023;Cotações
Volume_Financeiro;06/09/2023;Cotações
Volume_Financeiro;08/09/2023;Cotações
Volume_Financeiro;11/09/2023;Cotações
Volume_Financeiro;12/09/2023;Cotações
Volume_Financeiro;13/09/2023;Cotações
Volume_Financeiro;14/09/2023;Cotações
Volume_Financeiro;15/09/2023;Cotações
Volume_Financeiro;18/09/2023;Cotações
Volume_Financeiro;19/09/2023;Cotações
Volume_Financeiro;20/09/2023;Cotações
Volume_Financeiro;21/09/2023;Cotações
Volume_Financeiro;22/09/2023;Cotações
Volume_Financeiro;25/09/2023;Cotações
Volume_Financeiro;26/09/2023;Cotações
Volume_Financeiro;27/09/2023;Cotações
Volume_Financeiro;28/09/2023;Cotações
Volume_Financeiro;29/09/2023;Cotações
Volume_Financeiro;02/10/2023;Cotações
Volume_Financeiro;03/10/2023;Cotações
Volume_Financeiro;04/10/2023;Cotações
Volume_Financeiro;05/10/2023;Cotações
Volume_Financeiro;06/10/2023;Cotações
Volume_Financeiro;09/10/2023;Cotações
Volume_Financeiro;10/10/2023;Cotações
Volume_Financeiro;11/10/2023;Cotações
Volume_Financeiro;13/10/2023;Cotações
Volume_Financeiro;16/10/2023;Cotações
Volume_Financeiro;17/10/2023;Cotações
Volume_Financeiro;18/10/2023;Cotações
Volume_Financeiro;19/10/2023;Cotações
Volume_Financeiro;20/10/2023;Cotações
Volume_Financeiro;23/10/2023;Cotações
Volume_Financeiro;24/10/2023;Cotações
Volume_Financeiro;25/10/2023;Cotações
Volume_Financeiro;26/10/2023;Cotações
Volume_Financeiro;27/10/2023;Cotações
Volume_Financeiro;30/10/2023;Cotações
Volume_Financeiro;31/10/2023;Cotações
Volume_Financeiro;01/11/2023;Cotações
Volume_Financeiro;03/11/2023;Cotações
Volume_Financeiro;06/11/2023;Cotações
Volume_Financeiro;07/11/2023;Cotações
Volume_Financeiro;08/11/2023;Cotações
Volume_Financeiro;09/11/2023;Cotações
Volume_Financeiro;10/11/2023;Cotações
Volume_Financeiro;13/11/2023;Cotações
Volume_Financeiro;14/11/2023;Cotações
Volume_Financeiro;16/11/2023;Cotações
Volume_Financeiro;17/11/2023;Cotações
Volume_Financeiro;20/11/2023;Cotações
Volume_Financeiro;21/11/2023;Cotações
Volume_Financeiro;22/11/2023;Cotações
Volume_Financeiro;23/11/2023;Cotações
Volume_Financeiro;24/11/2023;Cotações
Volume_Financeiro;27/11/2023;Cotações
Volume_Financeiro;28/11/2023;Cotações
Volume_Financeiro;29/11/2023;Cotações
Volume_Financeiro;30/11/2023;Cotações
Volume_Financeiro;01/12/2023;Cotações
Volume_Financeiro;04/12/2023;Cotações
Volume_Financeiro;05/12/2023;Cotações
Volume_Financeiro;06/12/2023;Cotações
Volume_Financeiro;07/12/2023;Cotações
Volume_Financeiro;08/12/2023;Cotações
Volume_Financeiro;11/12/2023;Cotações
Volume_Financeiro;12/12/2023;Cotações
Volume_Financeiro;13/12/2023;Cotações
Volume_Financeiro;14/12/2023;Cotações
Volume_Financeiro;15/12/2023;Cotações
Volume_Financeiro;18/12/2023;Cotações
Volume_Financeiro;19/12/2023;Cotações
Volume_Financeiro;20/12/2023;Cotações
Volume_Financeiro;21/12/2023;Cotações
Volume_Financeiro;22/12/2023;Cotações
Volume_Financeiro;26/12/2023;Cotações
Volume_Financeiro;27/12/2023;Cotações
Volume_Financeiro;28/12/2023;Cotações
Volume_Financeiro;02/01/2024;Cotações
Volume_Financeiro;03/01/2024;Cotações
Volume_Financeiro;04/01/2024;Cotações
Volume_Financeiro;05/01/2024;Cotações
Volume_Financeiro;08/01/2024;Cotações
Volume_Financeiro;09/01/2024;Cotações
Volume_Financeiro;10/01/2024;Cotações
Volume_Financeiro;11/01/2024;Cotações
Volume_Financeiro;12/01/2024;Cotações
Volume_Financeiro;15/01/2024;Cotações
Volume_Financeiro;16/01/2024;Cotações
Volume_Financeiro;17/01/2024;Cotações
Volume_Financeiro;18/01/2024;Cotações
Volume_Financeiro;19/01/2024;Cotações
Volume_Financeiro;22/01/2024;Cotações
Volume_Financeiro;23/01/2024;Cotações
Volume_Financeiro;24/01/2024;Cotações
Volume_Financeiro;25/01/2024;Cotações
Volume_Financeiro;26/01/2024;Cotações
Volume_Financeiro;29/01/2024;Cotações
Volume_Financeiro;30/01/2024;Cotações
Volume_Financeiro;31/01/2024;Cotações
Volume_Financeiro;01/02/2024;Cotações
Volume_Financeiro;02/02/2024;Cotações
Volume_Financeiro;05/02/2024;Cotações
Volume_Financeiro;06/02/2024;Cotações
Volume_Financeiro;07/02/2024;Cotações
Volume_Financeiro;08/02/2024;Cotações
Volume_Financeiro;09/02/2024;Cotações
Volume_Financeiro;14/02/2024;Cotações
Volume_Financeiro;15/02/2024;Cotações
Volume_Financeiro;16/02/2024;Cotações
Volume_Financeiro;19/02/2024;Cotações
Volume_Financeiro;20/02/2024;Cotações
Volume_Financeiro;21/02/2024;Cotações
Volume_Financeiro;22/02/2024;Cotações
Volume_Financeiro;23/02/2024;Cotações
Volume_Financeiro;26/02/2024;Cotações
Volume_Financeiro;27/02/2024;Cotações
Volume_Financeiro;28/02/2024;Cotações
Volume_Financeiro;29/02/2024;Cotações
Volume_Financeiro;01/03/2024;Cotações
Volume_Financeiro;04/03/2024;Cotações
Volume_Financeiro;05/03/2024;Cotações
Volume_Financeiro;06/03/2024;Cotações
Volume_Financeiro;07/03/2024;Cotações
Volume_Financeiro;08/03/2024;Cotações
Volume_Financeiro;11/03/2024;Cotações
Volume_Financeiro;12/03/2024;Cotações
Volume_Financeiro;13/03/2024;Cotações
Volume_Financeiro;14/03/2024;Cotações
Volume_Financeiro;15/03/2024;Cotações
Volume_Financeiro;18/03/2024;Cotações
Volume_Financeiro;19/03/2024;Cotações
Volume_Financeiro;20/03/2024;Cotações
Volume_Financeiro;21/03/2024;Cotações
Volume_Financeiro;22/03/2024;Cotações
Volume_Financeiro;25/03/2024;Cotações
Volume_Financeiro;26/03/2024;Cotações
Volume_Financeiro;27/03/2024;Cotações
Volume_Financeiro;28/03/2024;Cotações
Volume_Financeiro;01/04/2024;Cotações
Volume_Financeiro;02/04/2024;Cotações
Volume_Financeiro;03/04/2024;Cotações
Volume_Financeiro;04/04/2024;Cotações
Volume_Financeiro;05/04/2024;Cotações
Volume_Financeiro;08/04/2024;Cotações
Volume_Financeiro;09/04/2024;Cotações
Volume_Financeiro;10/04/2024;Cotações
Volume_Financeiro;11/04/2024;Cotações
Volume_Financeiro;12/04/2024;Cotações
Volume_Financeiro;15/04/2024;Cotações
Volume_Financeiro;16/04/2024;Cotações
Volume_Financeiro;17/04/2024;Cotações
Volume_Financeiro;18/04/2024;Cotações
Volume_Financeiro;19/04/2024;Cotações
Volume_Financeiro;22/04/2024;Cotações
Volume_Financeiro;23/04/2024;Cotações
Volume_Financeiro;24/04/2024;Cotações
Volume_Financeiro;25/04/2024;Cotações
Volume_Financeiro;26/04/2024;Cotações
Volume_Financeiro;29/04/2024;Cotações
Volume_Financeiro;30/04/2024;Cotações
Volume_Financeiro;02/05/2024;Cotações
Volume_Financeiro;03/05/2024;Cotações
Volume_Financeiro;06/05/2024;Cotações
Volume_Financeiro;07/05/2024;Cotações
Volume_Financeiro;08/05/2024;Cotações
Volume_Financeiro;09/05/2024;Cotações
Volume_Financeiro;10/05/2024;Cotações
Volume_Financeiro;13/05/2024;Cotações
Volume_Financeiro;14/05/2024;Cotações
Volume_Financeiro;15/05/2024;Cotações
Volume_Financeiro;16/05/2024;Cotações
Volume_Financeiro;17/05/2024;Cotações
Volume_Financeiro;20/05/2024;Cotações
Volume_Financeiro;21/05/2024;Cotações
Volume_Financeiro;22/05/2024;Cotações
Volume_Financeiro;23/05/2024;Cotações
Volume_Financeiro;24/05/2024;Cotações
Volume_Financeiro;27/05/2024;Cotações
Volume_Financeiro;28/05/2024;Cotações
Volume_Financeiro;29/05/2024;Cotações
Volume_Financeiro;31/05/2024;Cotações
Volume_Financeiro;03/06/2024;Cotações
Volume_Financeiro;04/06/2024;Cotações
Volume_Financeiro;05/06/2024;Cotações
Volume_Financeiro;06/06/2024;Cotações
Volume_Financeiro;07/06/2024;Cotações
Volume_Financeiro;10/06/2024;Cotações
Volume_Financeiro;11/06/2024;Cotações
Volume_Financeiro;12/06/2024;Cotações
Volume_Financeiro;13/06/2024;Cotações
Volume_Financeiro;14/06/2024;Cotações
Volume_Financeiro;17/06/2024;Cotações
Volume_Financeiro;18/06/2024;Cotações
Volume_Financeiro;19/06/2024;Cotações
Volume_Financeiro;20/06/2024;Cotações
Volume_Financeiro;21/06/2024;Cotações
Volume_Financeiro;24/06/2024;Cotações
Volume_Financeiro;25/06/2024;Cotações
Volume_Financeiro;26/06/2024;Cotações
Volume_Financeiro;27/06/2024;Cotações
Volume_Financeiro;28/06/2024;Cotações
Volume_Financeiro;01/07/2024;Cotações
Volume_Financeiro;02/07/2024;Cotações
Volume_Financeiro;03/07/2024;Cotações
Volume_Financeiro;04/07/2024;Cotações
Volume_Financeiro;05/07/2024;Cotações
Volume_Financeiro;08/07/2024;Cotações
Volume_Financeiro;09/07/2024;Cotações
Volume_Financeiro;10/07/2024;Cotações
Volume_Financeiro;11/07/2024;Cotações
Volume_Financeiro;12/07/2024;Cotações
Volume_Financeiro;15/07/2024;Cotações
Volume_Financeiro;16/07/2024;Cotações
Volume_Financeiro;17/07/2024;Cotações
Volume_Financeiro;18/07/2024;Cotações
Volume_Financeiro;19/07/2024;Cotações
Volume_Financeiro;22/07/2024;Cotações
Volume_Financeiro;23/07/2024;Cotações
Volume_Financeiro;24/07/2024;Cotações
Volume_Financeiro;25/07/2024;Cotações
Volume_Financeiro;26/07/2024;Cotações
Volume_Financeiro;29/07/2024;Cotações
Volume_Financeiro;30/07/2024;Cotações
Volume_Financeiro;31/07/2024;Cotações
Volume_Financeiro;01/08/2024;Cotações
Volume_Financeiro;02/08/2024;Cotações
Volume_Financeiro;05/08/2024;Cotações
Volume_Financeiro;06/08/2024;Cotações
Volume_Financeiro;07/08/2024;Cotações
Volume_Financeiro;08/08/2024;Cotações
Volume_Financeiro;09/08/2024;Cotações
Volume_Financeiro;12/08/2024;Cotações
Volume_Financeiro;13/08/2024;Cotações
Volume_Financeiro;14/08/2024;Cotações
Volume_Financeiro;15/08/2024;Cotações
Volume_Financeiro;16/08/2024;Cotações
Volume_Financeiro;19/08/2024;Cotações
Volume_Financeiro;20/08/2024;Cotações
Volume_Financeiro;21/08/2024;Cotações
Volume_Financeiro;22/08/2024;Cotações
Volume_Financeiro;23/08/2024;Cotações
Volume_Financeiro;26/08/2024;Cotações
Volume_Financeiro;27/08/2024;Cotações
Volume_Financeiro;28/08/2024;Cotações
Volume_Financeiro;29/08/2024;Cotações
Volume_Financeiro;30/08/2024;Cotações
Volume_Financeiro;02/09/2024;Cotações
Volume_Financeiro;03/09/2024;Cotações
Volume_Financeiro;04/09/2024;Cotações
Volume_Financeiro;05/09/2024;Cotações
Volume_Financeiro;06/09/2024;Cotações
Volume_Financeiro;09/09/2024;Cotações
Volume_Financeiro;10/09/2024;Cotações
Volume_Financeiro;11/09/2024;Cotações
Volume_Financeiro;12/09/2024;Cotações
Volume_Financeiro;13/09/2024;Cotações
Volume_Financeiro;16/09/2024;Cotações
Volume_Financeiro;17/09/2024;Cotações
Volume_Financeiro;18/09/2024;Cotações
Volume_Financeiro;19/09/2024;Cotações
Volume_Financeiro;20/09/2024;Cotações
Volume_Financeiro;23/09/2024;Cotações
Volume_Financeiro;24/09/2024;Cotações
Volume_Financeiro;25/09/2024;Cotações
Volume_Financeiro;26/09/2024;Cotações
Volume_Financeiro;27/09/2024;Cotações
Volume_Financeiro;30/09/2024;Cotações
Volume_Financeiro;01/10/2024;Cotações
Volume_Financeiro;02/10/2024;Cotações
Volume_Financeiro;03/10/2024;Cotações
Volume_Financeiro;04/10/2024;Cotações
Volume_Financeiro;07/10/2024;Cotações
Volume_Financeiro;08/10/2024;Cotações
Volume_Financeiro;09/10/2024;Cotações
Volume_Financeiro;10/10/2024;Cotações
Volume_Financeiro;11/10/2024;Cotações
Volume_Financeiro;14/10/2024;Cotações
Volume_Financeiro;15/10/2024;Cotações
Volume_Financeiro;16/10/2024;Cotações
Volume_Financeiro;17/10/2024;Cotações
Volume_Financeiro;18/10/2024;Cotações
Volume_Financeiro;21/10/2024;Cotações
Volume_Financeiro;22/10/2024;Cotações
Volume_Financeiro;23/10/2024;Cotações
Volume_Financeiro;24/10/2024;Cotações
Volume_Financeiro;25/10/2024;Cotações
Volume_Financeiro;28/10/2024;Cotações
Volume_Financeiro;29/10/2024;Cotações
Volume_Financeiro;30/10/2024;Cotações
Volume_Financeiro;31/10/2024;Cotações
Volume_Financeiro;01/11/2024;Cotações
Volume_Financeiro;04/11/2024;Cotações
Volume_Financeiro;05/11/2024;Cotações
Volume_Financeiro;06/11/2024;Cotações
Volume_Financeiro;07/11/2024;Cotações
Volume_Financeiro;08/11/2024;Cotações
Volume_Financeiro;11/11/2024;Cotações
Volume_Financeiro;12/11/2024;Cotações
Volume_Financeiro;13/11/2024;Cotações
Volume_Financeiro;14/11/2024;Cotações
Volume_Financeiro;18/11/2024;Cotações
Volume_Financeiro;19/11/2024;Cotações
Volume_Financeiro;21/11/2024;Cotações
Volume_Financeiro;22/11/2024;Cotações
Volume_Financeiro;25/11/2024;Cotações
Volume_Financeiro;26/11/2024;Cotações
Volume_Financeiro;27/11/2024;Cotações
Volume_Financeiro;28/11/2024;Cotações
Volume_Financeiro;29/11/2024;Cotações
Volume_Financeiro;02/12/2024;Cotações
Volume_Financeiro;03/12/2024;Cotações
Volume_Financeiro;04/12/2024;Cotações
Volume_Financeiro;05/12/2024;Cotações
Volume_Financeiro;06/12/2024;Cotações
Volume_Financeiro;09/12/2024;Cotações
Volume_Financeiro;10/12/2024;Cotações
Volume_Financeiro;11/12/2024;Cotações
Volume_Financeiro;12/12/2024;Cotações
Volume_Financeiro;13/12/2024;Cotações
Volume_Financeiro;16/12/2024;Cotações
Volume_Financeiro;17/12/2024;Cotações
Volume_Financeiro;18/12/2024;Cotações
Volume_Financeiro;19/12/2024;Cotações
Volume_Financeiro;20/12/2024;Cotações
Volume_Financeiro;23/12/2024;Cotações
Volume_Financeiro;26/12/2024;Cotações
Volume_Financeiro;27/12/2024;Cotações
Volume_Financeiro;30/12/2024;Cotações
Volume_Financeiro;02/01/2025;Cotações
Volume_Financeiro;03/01/2025;Cotações
Volume_Financeiro;06/01/2025;Cotações
Volume_Financeiro;07/01/2025;Cotações
Volume_Financeiro;08/01/2025;Cotações
Volume_Financeiro;09/01/2025;Cotações
Volume_Financeiro;10/01/2025;Cotações
Volume_Financeiro;13/01/2025;Cotações
Volume_Financeiro;14/01/2025;Cotações
Volume_Financeiro;15/01/2025;Cotações
Volume_Financeiro;16/01/2025;Cotações
Volume_Financeiro;17/01/2025;Cotações
Volume_Financeiro;20/01/2025;Cotações
Volume_Financeiro;21/01/2025;Cotações
Volume_Financeiro;22/01/2025;Cotações
Volume_Financeiro;23/01/2025;Cotações
Volume_Financeiro;24/01/2025;Cotações
Volume_Financeiro;27/01/2025;Cotações
Volume_Financeiro;28/01/2025;Cotações
Volume_Financeiro;29/01/2025;Cotações
Volume_Financeiro;30/01/2025;Cotações
Volume_Financeiro;31/01/2025;Cotações
Volume_Financeiro;03/02/2025;Cotações
Volume_Financeiro;04/02/2025;Cotações
Volume_Financeiro;05/02/2025;Cotações
Volume_Financeiro;06/02/2025;Cotações
Volume_Financeiro;07/02/2025;Cotações
Volume_Financeiro;10/02/2025;Cotações
Volume_Financeiro;11/02/2025;Cotações
Volume_Financeiro;12/02/2025;Cotações
Volume_Financeiro;13/02/2025;Cotações
Volume_Financeiro;14/02/2025;Cotações
Volume_Financeiro;17/02/2025;Cotações
Volume_Financeiro;18/02/2025;Cotações
Volume_Financeiro;19/02/2025;Cotações
Volume_Financeiro;20/02/2025;Cotações
Volume_Financeiro;21/02/2025;Cotações
Volume_Financeiro;24/02/2025;Cotações
Volume_Financeiro;25/02/2025;Cotações
Volume_Financeiro;26/02/2025;Cotações
Volume_Financeiro;27/02/2025;Cotações
Volume_Financeiro;28/02/2025;Cotações
Volume_Financeiro;05/03/2025;Cotações
Volume_Financeiro;06/03/2025;Cotações
Volume_Financeiro;07/03/2025;Cotações
Volume_Financeiro;10/03/2025;Cotações
Volume_Financeiro;11/03/2025;Cotações
Volume_Financeiro;12/03/2025;Cotações
Volume_Financeiro;13/03/2025;Cotações
Volume_Financeiro;14/03/2025;Cotações
Volume_Financeiro;17/03/2025;Cotações
Volume_Financeiro;18/03/2025;Cotações
Volume_Financeiro;19/03/2025;Cotações
Volume_Financeiro;20/03/2025;Cotações
Volume_Financeiro;21/03/2025;Cotações
Volume_Financeiro;24/03/2025;Cotações
Volume_Financeiro;25/03/2025;Cotações
Volume_Financeiro;26/03/2025;Cotações
Volume_Financeiro;27/03/2025;Cotações
Volume_Financeiro;28/03/2025;Cotações
Volume_Financeiro;31/03/2025;Cotações
Volume_Financeiro;01/04/2025;Cotações
Volume_Financeiro;02/04/2025;Cotações
Volume_Financeiro;03/04/2025;Cotações
Volume_Financeiro;04/04/2025;Cotações
Volume_Financeiro;07/04/2025;Cotações
Volume_Financeiro;08/04/2025;Cotações
Volume_Financeiro;09/04/2025;Cotações
Volume_Financeiro;10/04/2025;Cotações
Volume_Financeiro;11/04/2025;Cotações
Volume_Financeiro;14/04/2025;Cotações
Volume_Financeiro;15/04/2025;Cotações
Volume_Financeiro;16/04/2025;Cotações
Volume_Financeiro;17/04/2025;Cotações
Volume_Financeiro;22/04/2025;Cotações
Volume_Financeiro;23/04/2025;Cotações
Volume_Financeiro;24/04/2025;Cotações
Volume_Financeiro;25/04/2025;Cotações
Volume_Financeiro;28/04/2025;Cotações
Volume_Financeiro;29/04/2025;Cotações
Volume_Financeiro;30/04/2025;Cotações
Volume_Financeiro;02/05/2025;Cotações
Volume_Financeiro;05/05/2025;Cotações
Volume_Financeiro;06/05/2025;Cotações
Volume_Financeiro;07/05/2025;Cotações
Volume_Financeiro;08/05/2025;Cotações
Volume_Financeiro;09/05/2025;Cotações
Volume_Financeiro;12/05/2025;Cotações
Volume_Financeiro;13/05/2025;Cotações
Volume_Financeiro;14/05/2025;Cotações
Volume_Financeiro;15/05/2025;Cotações
Volume_Financeiro;16/05/2025;Cotações
Volume_Financeiro;19/05/2025;Cotações
Volume_Financeiro;20/05/2025;Cotações
Volume_Financeiro;21/05/2025;Cotações
Volume_Financeiro;22/05/2025;Cotações
Volume_Financeiro;23/05/2025;Cotações
Volume_Financeiro;26/05/2025;Cotações
Volume_Financeiro;27/05/2025;Cotações
Volume_Financeiro;28/05/2025;Cotações
Volume_Financeiro;29/05/2025;Cotações
Volume_Financeiro;30/05/2025;Cotações
Volume_Financeiro;02/06/2025;Cotações
Volume_Financeiro;03/06/2025;Cotações
Volume_Financeiro;04/06/2025;Cotações
Volume_Financeiro;05/06/2025;Cotações
Volume_Financeiro;06/06/2025;Cotações
Volume_Financeiro;09/06/2025;Cotações
Volume_Financeiro;10/06/2025;Cotações
Volume_Financeiro;11/06/2025;Cotações
Volume_Financeiro;12/06/2025;Cotações
Volume_Financeiro;13/06/2025;Cotações
Volume_Financeiro;16/06/2025;Cotações
Volume_Financeiro;17/06/2025;Cotações
Volume_Financeiro;18/06/2025;Cotações
Volume_Financeiro;20/06/2025;Cotações
Volume_Financeiro;23/06/2025;Cotações
Volume_Financeiro;24/06/2025;Cotações
Volume_Financeiro;25/06/2025;Cotações
Volume_Financeiro;26/06/2025;Cotações
Volume_Financeiro;27/06/2025;Cotações
Volume_Financeiro;30/06/2025;Cotações
Volume_Financeiro;01/07/2025;Cotações
Volume_Financeiro;02/07/2025;Cotações
Volume_Financeiro;03/07/2025;Cotações
Volume_Financeiro;04/07/2025;Cotações
Volume_Financeiro;07/07/2025;Cotações
Volume_Financeiro;08/07/2025;Cotações
Volume_Financeiro;09/07/2025;Cotações
Volume_Financeiro;10/07/2025;Cotações
Volume_Financeiro;11/07/2025;Cotações
Volume_Financeiro;14/07/2025;Cotações
Volume_Financeiro;15/07/2025;Cotações
Volume_Financeiro;16/07/2025;Cotações
Volume_Financeiro;17/07/2025;Cotações
Volume_Financeiro;18/07/2025;Cotações
Volume_Financeiro;21/07/2025;Cotações
Volume_Financeiro;22/07/2025;Cotações
Volume_Financeiro;23/07/2025;Cotações
Volume_Financeiro;24/07/2025;Cotações
Volume_Financeiro;25/07/2025;Cotações
Volume_Financeiro;28/07/2025;Cotações
Volume_Financeiro;29/07/2025;Cotações
Volume_Financeiro;30/07/2025;Cotações
Volume_Financeiro;31/07/2025;Cotações
Volume_Financeiro;01/08/2025;Cotações
Volume_Financeiro;04/08/2025;Cotações
Volume_Financeiro;05/08/2025;Cotações
Volume_Financeiro;06/08/2025;Cotações
Volume_Financeiro;07/08/2025;Cotações
Volume_Financeiro;08/08/2025;Cotações
Volume_Financeiro;11/08/2025;Cotações
Volume_Financeiro;12/08/2025;Cotações
Volume_Financeiro;13/08/2025;Cotações
Volume_Financeiro;14/08/2025;Cotações
Volume_Financeiro;15/08/2025;Cotações
Volume_Financeiro;18/08/2025;Cotações
Volume_Financeiro;19/08/2025;Cotações
Volume_Financeiro;20/08/2025;Cotações
Volume_Financeiro;21/08/2025;Cotações
Volume_Financeiro;22/08/2025;Cotações
Volume_Financeiro;25/08/2025;Cotações
Volume_Financeiro;26/08/2025;Cotações
Volume_Financeiro;27/08/2025;Cotações
Volume_Financeiro;28/08/2025;Cotações
Volume_Financeiro;29/08/2025;Cotações
Volume_Financeiro;01/09/2025;Cotações
Volume_Financeiro;02/09/2025;Cotações
Volume_Financeiro;03/09/2025;Cotações
Volume_Financeiro;04/09/2025;Cotações
Volume_Financeiro;05/09/2025;Cotações
Volume_Financeiro;08/09/2025;Cotações
Volume_Financeiro;09/09/2025;Cotações
Volume_Financeiro;10/09/2025;Cotações
Volume_Financeiro;11/09/2025;Cotações
Volume_Financeiro;12/09/2025;Cotações
Volume_Financeiro;15/09/2025;Cotações
Volume_Financeiro;16/09/2025;Cotações
Volume_Financeiro;17/09/2025;Cotações
Volume_Financeiro;18/09/2025;Cotações
Volume_Financeiro;19/09/2025;Cotações
Volume_Financeiro;22/09/2025;Cotações
Volume_Financeiro;23/09/2025;Cotações
Volume_Financeiro;24/09/2025;Cotações
Volume_Financeiro;25/09/2025;Cotações
Volume_Financeiro;26/09/2025;Cotações
Volume_Financeiro;29/09/2025;Cotações
Volume_Financeiro;30/09/2025;Cotações
Volume_Financeiro;01/10/2025;Cotações
Volume_Financeiro;02/10/2025;Cotações
Volume_Financeiro;03/10/2025;Cotações
Volume_Financeiro;06/10/2025;Cotações
Volume_Financeiro;07/10/2025;Cotações
Volume_Financeiro;08/10/2025;Cotações
Volume_Financeiro;09/10/2025;Cotações
Volume_Financeiro;10/10/2025;Cotações
Volume_Financeiro;13/10/2025;Cotações
Volume_Financeiro;14/10/2025;Cotações
Volume_Financeiro;15/10/2025;Cotações
Volume_Financeiro;16/10/2025;Cotações
Volume_Financeiro;17/10/2025;Cotações
Volume_Financeiro;20/10/2025;Cotações
Volume_Financeiro;21/10/2025;Cotações
Volume_Financeiro;22/10/2025;Cotações
Volume_Financeiro;23/10/2025;Cotações
Volume_Financeiro;24/10/2025;Cotações
Volume_Financeiro;27/10/2025;Cotações
Volume_Financeiro;28/10/2025;Cotações
Volume_Financeiro;29/10/2025;Cotações
Volume_Financeiro;30/10/2025;Cotações
Volume_Financeiro;31/10/2025;Cotações
Volume_Financeiro;03/11/2025;Cotações
Volume_Financeiro;04/11/2025;Cotações
Volume_Financeiro;05/11/2025;Cotações
Volume_Financeiro;06/11/2025;Cotações
Volume_Financeiro;07/11/2025;Cotações
Volume_Financeiro;10/11/2025;Cotações
Volume_Financeiro;11/11/2025;Cotações
Volume_Financeiro;12/11/2025;Cotações
Volume_Financeiro;13/11/2025;Cotações
Volume_Financeiro;14/11/2025;Cotações
Volume_Financeiro;17/11/2025;Cotações
Volume_Financeiro;18/11/2025;Cotações
Volume_Financeiro;19/11/2025;Cotações
Volume_Financeiro;21/11/2025;Cotações
Volume_Financeiro;24/11/2025;Cotações
Volume_Financeiro;25/11/2025;Cotações
Volume_Financeiro;26/11/2025;Cotações
Volume_Financeiro;27/11/2025;Cotações
Volume_Financeiro;28/11/2025;Cotações
Volume_Financeiro;01/12/2025;Cotações
Volume_Financeiro;02/12/2025;Cotações
Volume_Financeiro;03/12/2025;Cotações
Volume_Financeiro;04/12/2025;Cotações
Volume_Financeiro;05/12/2025;Cotações
Volume_Financeiro;08/12/2025;Cotações
Volume_Financeiro;09/12/2025;Cotações
Volume_Financeiro;10/12/2025;Cotações
Volume_Financeiro;11/12/2025;Cotações
Volume_Financeiro;12/12/2025;Cotações
Volume_Financeiro;15/12/2025;Cotações
Volume_Financeiro;16/12/2025;Cotações
Volume_Financeiro;17/12/2025;Cotações
Volume_Financeiro;18/12/2025;Cotações
Volume_Financeiro;19/12/2025;Cotações
Volume_Financeiro;22/12/2025;Cotações
Volume_Financeiro;23/12/2025;Cotações
Volume_Financeiro;26/12/2025;Cotações
Volume_Financeiro;29/12/2025;Cotações
Volume_Financeiro;30/12/2025;Cotações
Volume_Financeiro;02/01/2026;Cotações
Volume_Financeiro;05/01/2026;Cotações
Volume_Financeiro;06/01/2026;Cotações
Volume_Financeiro;07/01/2026;Cotações
Volume_Financeiro;08/01/2026;Cotações
Volume_Financeiro;09/01/2026;Cotações
Volume_Financeiro;12/01/2026;Cotações
Volume_Financeiro;13/01/2026;Cotações
Volume_Financeiro;14/01/2026;Cotações
Volume_Financeiro;15/01/2026;Cotações
Volume_Financeiro;16/01/2026;Cotações
Volume_Financeiro;19/01/2026;Cotações
Volume_Financeiro;20/01/2026;Cotações
Volume_Financeiro;21/01/2026;Cotações
Volume_Financeiro;22/01/2026;Cotações
Volume_Financeiro;23/01/2026;Cotações
Volume_Financeiro;26/01/2026;Cotações
Volume_Financeiro;27/01/2026;Cotações
Volume_Financeiro;28/01/2026;Cotações
Volume_Financeiro;29/01/2026;Cotações
Volume_Financeiro;30/01/2026;Cotações
Volume_Financeiro;02/02/2026;Cotações
Volume_Financeiro;03/02/2026;Cotações
Volume_Financeiro;04/02/2026;Cotações
Volume_Financeiro;05/02/2026;Cotações
Volume_Financeiro;06/02/2026;Cotações
Volume_Financeiro;09/02/2026;Cotações
Volume_Financeiro;10/02/2026;Cotações
Volume_Financeiro;11/02/2026;Cotações
Volume_Financeiro;12/02/2026;Cotações
Volume_Financeiro;13/02/2026;Cotações
Volume_Financeiro;18/02/2026;Cotações
Volume_Financeiro;19/02/2026;Cotações
Volume_Financeiro;20/02/2026;Cotações
Volume_Financeiro;23/02/2026;Cotações
Volume_Financeiro;24/02/2026;Cotações
Volume_Financeiro;25/02/2026;Cotações
Volume_Financeiro;26/02/2026;Cotações
Volume_Financeiro;27/02/2026;Cotações
Volume_Financeiro;02/03/2026;Cotações
Volume_Financeiro;03/03/2026;Cotações
Volume_Financeiro;04/03/2026;Cotações
Volume_Financeiro;05/03/2026;Cotações
Volume_Financeiro;06/03/2026;Cotações
Volume_Financeiro;09/03/2026;Cotações
Volume_Financeiro;10/03/2026;Cotações
Volume_Financeiro;11/03/2026;Cotações
Volume_Financeiro;12/03/2026;Cotações
Volume_Financeiro;13/03/2026;Cotações
Volume_Financeiro;16/03/2026;Cotações
Volume_Financeiro;17/03/2026;Cotações
Volume_Financeiro;18/03/2026;Cotações
Volume_Financeiro;19/03/2026;Cotações
Volume_Financeiro;20/03/2026;Cotações
Volume_Financeiro;23/03/2026;Cotações
Volume_Financeiro;24/03/2026;Cotações
Volume_Financeiro;25/03/2026;Cotações
Volume_Financeiro;26/03/2026;Cotações
Volume_Financeiro;27/03/2026;Cotações
Volume_Financeiro;30/03/2026;Cotações
Volume_Financeiro;31/03/2026;Cotações
Volume_Financeiro;01/04/2026;Cotações
Volume_Financeiro;02/04/2026;Cotações
Volume_Financeiro;06/04/2026;Cotações
Volume_Financeiro;07/04/2026;Cotações
Volume_Financeiro;08/04/2026;Cotações
Volume_Financeiro;09/04/2026;Cotações
Volume_Financeiro;10/04/2026;Cotações
Volume_Financeiro;13/04/2026;Cotações
Volume_Financeiro;14/04/2026;Cotações
Volume_Financeiro;15/04/2026;Cotações
Volume_Financeiro;16/04/2026;Cotações
Volume_Financeiro;17/04/2026;Cotações
Volume_Financeiro;20/04/2026;Cotações
Volume_Financeiro;22/04/2026;Cotações
Volume_Financeiro;23/04/2026;Cotações
Volume_Financeiro;24/04/2026;Cotações
Volume_Financeiro;27/04/2026;Cotações
Volume_Financeiro;28/04/2026;Cotações
Volume_Financeiro;29/04/2026;Cotações
Volume_Financeiro;30/04/2026;Cotações
Volume_Financeiro;04/05/2026;Cotações
Volume_Financeiro;05/05/2026;Cotações
Volume_Financeiro;06/05/2026;Cotações
Volume_Financeiro;07/05/2026;Cotações
Volume_Financeiro;08/05/2026;Cotações
Volume_Financeiro;11/05/2026;Cotações
Volume_Financeiro;12/05/2026;Cotações
Volume_Financeiro;13/05/2026;Cotações
Volume_Financeiro;14/05/2026;Cotações
Volume_Financeiro;15/05/2026;Cotações
Volume_Financeiro;18/05/2026;Cotações
Volume_Financeiro;19/05/2026;Cotações
Volume_Financeiro;20/05/2026;Cotações
Volume_Financeiro;21/05/2026;Cotações
Volume_Financeiro;22/05/2026;Cotações
Volume_Financeiro;25/05/2026;Cotações
Volume_Financeiro;26/05/2026;Cotações
Volume_Financeiro;27/05/2026;Cotações
Volume_Financeiro;28/05/2026;Cotações
Volume_Financeiro;29/05/2026;Cotações
Volume_Financeiro;01/06/2026;Cotações
Volume_Financeiro;02/06/2026;Cotações
Volume_Financeiro;03/06/2026;Cotações
Volume_Financeiro;05/06/2026;Cotações
Volume_Financeiro;08/06/2026;Cotações
Volume_Financeiro;09/06/2026;Cotações
Volume_Financeiro;10/06/2026;Cotações
Volume_Financeiro;11/06/2026;Cotações
Volume_Financeiro;12/06/2026;Cotações
Volume_Financeiro;15/06/2026;Cotações
Volume_Financeiro;16/06/2026;Cotações
Volume_Financeiro;17/06/2026;Cotações
Volume_Financeiro;18/06/2026;Cotações
Volume_Financeiro;19/06/2026;Cotações
Volume_Financeiro;22/06/2026;Cotações
Volume_Financeiro;23/06/2026;Cotações
Volume_Financeiro;24/06/2026;Cotações
Volume_Financeiro;25/06/2026;Cotações
Volume_Financeiro;26/06/2026;Cotações
Volume_Financeiro;29/06/2026;Cotações
Volume_Financeiro;30/06/2026;Cotações
Volume_Financeiro;01/07/2026;Cotações
Volume_Financeiro;02/07/2026;Cotações
Volume_Financeiro;03/07/2026;Cotações
Volume_Financeiro;06/07/2026;Cotações
Volume_Financeiro;07/07/2026;Cotações
Volume_Financeiro;08/07/2026;Cotações
Volume_Financeiro;09/07/2026;Cotações
Volume_Financeiro;10/07/2026;Cotações
Volume_Financeiro;13/07/2026;Cotações
Volume_Financeiro;14/07/2026;Cotações
Volume_Financeiro;15/07/2026;Cotações
Volume_Financeiro;16/07/2026;Cotações
Volume_Financeiro;17/07/2026;Cotações
Volume_Financeiro;20/07/2026;Cotações
Volume_Financeiro;21/07/2026;Cotações
Volume_Financeiro;22/07/2026;Cotações
Volume_Financeiro;23/07/2026;Cotações
Volume_Financeiro;24/07/2026;Cotações
Volume_Financeiro;27/07/2026;Cotações
Volume_Financeiro;28/07/2026;Cotações
Volume_Financeiro;29/07/2026;Cotações
Volume_Financeiro;30/07/2026;Cotações
Volume_Financeiro;31/07/2026;Cotações
Volume_Financeiro;03/08/2026;Cotações
Volume_Financeiro;04/08/2026;Cotações
Volume_Financeiro;05/08/2026;Cotações
Volume_Financeiro;06/08/2026;Cotações
Volume_Financeiro;07/08/2026;Cotações
Volume_Financeiro;10/08/2026;Cotações
Volume_Financeiro;11/08/2026;Cotações
Volume_Financeiro;12/08/2026;Cotações
Volume_Financeiro;13/08/2026;Cotações
Volume_Financeiro;14/08/2026;Cotações
Volume_Financeiro;17/08/2026;Cotações
Volume_Financeiro;18/08/2026;Cotações
Volume_Financeiro;19/08/2026;Cotações
Volume_Financeiro;20/08/2026;Cotações
Volume_Financeiro;21/08/2026;Cotações
Volume_Financeiro;24/08/2026;Cotações
Volume_Financeiro;25/08/2026;Cotações
Volume_Financeiro;26/08/2026;Cotações
Volume_Financeiro;27/08/2026;Cotações
Volume_Financeiro;28/08/2026;Cotações
Volume_Financeiro;31/08/2026;Cotações
Volume_Financeiro;01/09/2026;Cotações
Volume_Financeiro;02/09/2026;Cotações
Volume_Financeiro;03/09/2026;Cotações
Volume_Financeiro;04/09/2026;Cotações
Volume_Financeiro;08/09/2026;Cotações
Volume_Financeiro;09/09/2026;Cotações
Volume_Financeiro;10/09/2026;Cotações
Volume_Financeiro;11/09/2026;Cotações
Volume_Financeiro;14/09/2026;Cotações
Volume_Financeiro;15/09/2026;Cotações
Volume_Financeiro;16/09/2026;Cotações
Volume_Financeiro;17/09/2026;Cotações
Volume_Financeiro;18/09/2026;Cotações
Volume_Financeiro;21/09/2026;Cotações
Volume_Financeiro;22/09/2026;Cotações
Volume_Financeiro;23/09/2026;Cotações
Volume_Financeiro;24/09/2026;Cotações
Volume_Financeiro;25/09/2026;Cotações
Quantidade;02/01/2018;Cotações
Quantidade;03/01/2018;Cotações
Quantidade;04/01/2018;Cotações
Quantidade;05/01/2018;Cotações
Quantidade;08/01/2018;Cotações
Quantidade;09/01/2018;Cotações
Quantidade;10/01/2018;Cotações
Quantidade;11/01/2018;Cotações
Quantidade;12/01/2018;Cotações
Quantidade;15/01/2018;Cotações
Quantidade;16/01/2018;Cotações
Quantidade;17/01/2018;Cotações
Quantidade;18/01/2018;Cotações
Quantidade;19/01/2018;Cotações
Quantidade;22/01/2018;Cotações
Quantidade;23/01/2018;Cotações
Quantidade;24/01/2018;Cotações
Quantidade;26/01/2018;Cotações
Quantidade;29/01/2018;Cotações
Quantidade;30/01/2018;Cotações
Quantidade;31/01/2018;Cotações
Quantidade;01/02/2018;Cotações
Quantidade;02/02/2018;Cotações
Quantidade;05/02/2018;Cotações
Quantidade;06/02/2018;Cotações
Quantidade;07/02/2018;Cotações
Quantidade;08/02/2018;Cotações
Quantidade;09/02/2018;Cotações
Quantidade;14/02/2018;Cotações
Quantidade;15/02/2018;Cotações
Quantidade;16/02/2018;Cotações
Quantidade;19/02/2018;Cotações
Quantidade;20/02/2018;Cotações
Quantidade;21/02/2018;Cotações
Quantidade;22/02/2018;Cotações
Quantidade;23/02/2018;Cotações
Quantidade;26/02/2018;Cotações
Quantidade;27/02/2018;Cotações
Quantidade;28/02/2018;Cotações
Quantidade;01/03/2018;Cotações
Quantidade;02/03/2018;Cotações
Quantidade;05/03/2018;Cotações
Quantidade;06/03/2018;Cotações
Quantidade;07/03/2018;Cotações
Quantidade;08/03/2018;Cotações
Quantidade;09/03/2018;Cotações
Quantidade;12/03/2018;Cotações
Quantidade;13/03/2018;Cotações
Quantidade;14/03/2018;Cotações
Quantidade;15/03/2018;Cotações
Quantidade;16/03/2018;Cotações
Quantidade;19/03/2018;Cotações
Quantidade;20/03/2018;Cotações
Quantidade;21/03/2018;Cotações
Quantidade;22/03/2018;Cotações
Quantidade;23/03/2018;Cotações
Quantidade;26/03/2018;Cotações
Quantidade;27/03/2018;Cotações
Quantidade;28/03/2018;Cotações
Quantidade;29/03/2018;Cotações
Quantidade;02/04/2018;Cotações
Quantidade;03/04/2018;Cotações
Quantidade;04/04/2018;Cotações
Quantidade;05/04/2018;Cotações
Quantidade;06/04/2018;Cotações
Quantidade;09/04/2018;Cotações
Quantidade;10/04/2018;Cotações
Quantidade;11/04/2018;Cotações
Quantidade;12/04/2018;Cotações
Quantidade;13/04/2018;Cotações
Quantidade;16/04/2018;Cotações
Quantidade;17/04/2018;Cotações
Quantidade;18/04/2018;Cotações
Quantidade;19/04/2018;Cotações
Quantidade;20/04/2018;Cotações
Quantidade;23/04/2018;Cotações
Quantidade;24/04/2018;Cotações
Quantidade;25/04/2018;Cotações
Quantidade;26/04/2018;Cotações
Quantidade;27/04/2018;Cotações
Quantidade;30/04/2018;Cotações
Quantidade;02/05/2018;Cotações
Quantidade;03/05/2018;Cotações
Quantidade;04/05/2018;Cotações
Quantidade;07/05/2018;Cotações
Quantidade;08/05/2018;Cotações
Quantidade;09/05/2018;Cotações
Quantidade;10/05/2018;Cotações
Quantidade;11/05/2018;Cotações
Quantidade;14/05/2018;Cotações
Quantidade;15/05/2018;Cotações
Quantidade;16/05/2018;Cotações
Quantidade;17/05/2018;Cotações
Quantidade;18/05/2018;Cotações
Quantidade;21/05/2018;Cotações
Quantidade;22/05/2018;Cotações
Quantidade;23/05/2018;Cotações
Quantidade;24/05/2018;Cotações
Quantidade;25/05/2018;Cotações
Quantidade;28/05/2018;Cotações
Quantidade;29/05/2018;Cotações
Quantidade;30/05/2018;Cotações
Quantidade;01/06/2018;Cotações
Quantidade;04/06/2018;Cotações
Quantidade;05/06/2018;Cotações
Quantidade;06/06/2018;Cotações
Quantidade;07/06/2018;Cotações
Quantidade;08/06/2018;Cotações
Quantidade;11/06/2018;Cotações
Quantidade;12/06/2018;Cotações
Quantidade;13/06/2018;Cotações
Quantidade;14/06/2018;Cotações
Quantidade;15/06/2018;Cotações
Quantidade;18/06/2018;Cotações
Quantidade;19/06/2018;Cotações
Quantidade;20/06/2018;Cotações
Quantidade;21/06/2018;Cotações
Quantidade;22/06/2018;Cotações
Quantidade;25/06/2018;Cotações
Quantidade;26/06/2018;Cotações
Quantidade;27/06/2018;Cotações
Quantidade;28/06/2018;Cotações
Quantidade;29/06/2018;Cotações
Quantidade;02/07/2018;Cotações
Quantidade;03/07/2018;Cotações
Quantidade;04/07/2018;Cotações
Quantidade;05/07/2018;Cotações
Quantidade;06/07/2018;Cotações
Quantidade;10/07/2018;Cotações
Quantidade;11/07/2018;Cotações
Quantidade;12/07/2018;Cotações
Quantidade;13/07/2018;Cotações
Quantidade;16/07/2018;Cotações
Quantidade;17/07/2018;Cotações
Quantidade;18/07/2018;Cotações
Quantidade;19/07/2018;Cotações
Quantidade;20/07/2018;Cotações
Quantidade;23/07/2018;Cotações
Quantidade;24/07/2018;Cotações
Quantidade;25/07/2018;Cotações
Quantidade;26/07/2018;Cotações
Quantidade;27/07/2018;Cotações
Quantidade;30/07/2018;Cotações
Quantidade;31/07/2018;Cotações
Quantidade;01/08/2018;Cotações
Quantidade;02/08/2018;Cotações
Quantidade;03/08/2018;Cotações
Quantidade;06/08/2018;Cotações
Quantidade;07/08/2018;Cotações
Quantidade;08/08/2018;Cotações
Quantidade;09/08/2018;Cotações
Quantidade;10/08/2018;Cotações
Quantidade;13/08/2018;Cotações
Quantidade;14/08/2018;Cotações
Quantidade;15/08/2018;Cotações
Quantidade;16/08/2018;Cotações
Quantidade;17/08/2018;Cotações
Quantidade;20/08/2018;Cotações
Quantidade;21/08/2018;Cotações
Quantidade;22/08/2018;Cotações
Quantidade;23/08/2018;Cotações
Quantidade;24/08/2018;Cotações
Quantidade;27/08/2018;Cotações
Quantidade;28/08/2018;Cotações
Quantidade;29/08/2018;Cotações
Quantidade;30/08/2018;Cotações
Quantidade;31/08/2018;Cotações
Quantidade;03/09/2018;Cotações
Quantidade;04/09/2018;Cotações
Quantidade;05/09/2018;Cotações
Quantidade;06/09/2018;Cotações
Quantidade;10/09/2018;Cotações
Quantidade;11/09/2018;Cotações
Quantidade;12/09/2018;Cotações
Quantidade;13/09/2018;Cotações
Quantidade;14/09/2018;Cotações
Quantidade;17/09/2018;Cotações
Quantidade;18/09/2018;Cotações
Quantidade;19/09/2018;Cotações
Quantidade;20/09/2018;Cotações
Quantidade;21/09/2018;Cotações
Quantidade;24/09/2018;Cotações
Quantidade;25/09/2018;Cotações
Quantidade;26/09/2018;Cotações
Quantidade;27/09/2018;Cotações
Quantidade;28/09/2018;Cotações
Quantidade;01/10/2018;Cotações
Quantidade;02/10/2018;Cotações
Quantidade;03/10/2018;Cotações
Quantidade;04/10/2018;Cotações
Quantidade;05/10/2018;Cotações
Quantidade;08/10/2018;Cotações
Quantidade;09/10/2018;Cotações
Quantidade;10/10/2018;Cotações
Quantidade;11/10/2018;Cotações
Quantidade;15/10/2018;Cotações
Quantidade;16/10/2018;Cotações
Quantidade;17/10/2018;Cotações
Quantidade;18/10/2018;Cotações
Quantidade;19/10/2018;Cotações
Quantidade;22/10/2018;Cotações
Quantidade;23/10/2018;Cotações
Quantidade;24/10/2018;Cotações
Quantidade;25/10/2018;Cotações
Quantidade;26/10/2018;Cotações
Quantidade;29/10/2018;Cotações
Quantidade;30/10/2018;Cotações
Quantidade;31/10/2018;Cotações
Quantidade;01/11/2018;Cotações
Quantidade;05/11/2018;Cotações
Quantidade;06/11/2018;Cotações
Quantidade;07/11/2018;Cotações
Quantidade;08/11/2018;Cotações
Quantidade;09/11/2018;Cotações
Quantidade;12/11/2018;Cotações
Quantidade;13/11/2018;Cotações
Quantidade;14/11/2018;Cotações
Quantidade;16/11/2018;Cotações
Quantidade;19/11/2018;Cotações
Quantidade;21/11/2018;Cotações
Quantidade;22/11/2018;Cotações
Quantidade;23/11/2018;Cotações
Quantidade;26/11/2018;Cotações
Quantidade;27/11/2018;Cotações
Quantidade;28/11/2018;Cotações
Quantidade;29/11/2018;Cotações
Quantidade;30/11/2018;Cotações
Quantidade;03/12/2018;Cotações
Quantidade;04/12/2018;Cotações
Quantidade;05/12/2018;Cotações
Quantidade;06/12/2018;Cotações
Quantidade;07/12/2018;Cotações
Quantidade;10/12/2018;Cotações
Quantidade;11/12/2018;Cotações
Quantidade;12/12/2018;Cotações
Quantidade;13/12/2018;Cotações
Quantidade;14/12/2018;Cotações
Quantidade;17/12/2018;Cotações
Quantidade;18/12/2018;Cotações
Quantidade;19/12/2018;Cotações
Quantidade;20/12/2018;Cotações
Quantidade;21/12/2018;Cotações
Quantidade;26/12/2018;Cotações
Quantidade;27/12/2018;Cotações
Quantidade;28/12/2018;Cotações
Quantidade;02/01/2019;Cotações
Quantidade;03/01/2019;Cotações
Quantidade;04/01/2019;Cotações
Quantidade;07/01/2019;Cotações
Quantidade;08/01/2019;Cotações
Quantidade;09/01/2019;Cotações
Quantidade;10/01/2019;Cotações
Quantidade;11/01/2019;Cotações
Quantidade;14/01/2019;Cotações
Quantidade;15/01/2019;Cotações
Quantidade;16/01/2019;Cotações
Quantidade;17/01/2019;Cotações
Quantidade;18/01/2019;Cotações
Quantidade;21/01/2019;Cotações
Quantidade;22/01/2019;Cotações
Quantidade;23/01/2019;Cotações
Quantidade;24/01/2019;Cotações
Quantidade;28/01/2019;Cotações
Quantidade;29/01/2019;Cotações
Quantidade;30/01/2019;Cotações
Quantidade;31/01/2019;Cotações
Quantidade;01/02/2019;Cotações
Quantidade;04/02/2019;Cotações
Quantidade;05/02/2019;Cotações
Quantidade;06/02/2019;Cotações
Quantidade;07/02/2019;Cotações
Quantidade;08/02/2019;Cotações
Quantidade;11/02/2019;Cotações
Quantidade;12/02/2019;Cotações
Quantidade;13/02/2019;Cotações
Quantidade;14/02/2019;Cotações
Quantidade;15/02/2019;Cotações
Quantidade;18/02/2019;Cotações
Quantidade;19/02/2019;Cotações
Quantidade;20/02/2019;Cotações
Quantidade;21/02/2019;Cotações
Quantidade;22/02/2019;Cotações
Quantidade;25/02/2019;Cotações
Quantidade;26/02/2019;Cotações
Quantidade;27/02/2019;Cotações
Quantidade;28/02/2019;Cotações
Quantidade;01/03/2019;Cotações
Quantidade;06/03/2019;Cotações
Quantidade;07/03/2019;Cotações
Quantidade;08/03/2019;Cotações
Quantidade;11/03/2019;Cotações
Quantidade;12/03/2019;Cotações
Quantidade;13/03/2019;Cotações
Quantidade;14/03/2019;Cotações
Quantidade;15/03/2019;Cotações
Quantidade;18/03/2019;Cotações
Quantidade;19/03/2019;Cotações
Quantidade;20/03/2019;Cotações
Quantidade;21/03/2019;Cotações
Quantidade;22/03/2019;Cotações
Quantidade;25/03/2019;Cotações
Quantidade;26/03/2019;Cotações
Quantidade;27/03/2019;Cotações
Quantidade;28/03/2019;Cotações
Quantidade;29/03/2019;Cotações
Quantidade;01/04/2019;Cotações
Quantidade;02/04/2019;Cotações
Quantidade;03/04/2019;Cotações
Quantidade;04/04/2019;Cotações
Quantidade;05/04/2019;Cotações
Quantidade;08/04/2019;Cotações
Quantidade;09/04/2019;Cotações
Quantidade;10/04/2019;Cotações
Quantidade;11/04/2019;Cotações
Quantidade;12/04/2019;Cotações
Quantidade;15/04/2019;Cotações
Quantidade;16/04/2019;Cotações
Quantidade;17/04/2019;Cotações
Quantidade;18/04/2019;Cotações
Quantidade;22/04/2019;Cotações
Quantidade;23/04/2019;Cotações
Quantidade;24/04/2019;Cotações
Quantidade;25/04/2019;Cotações
Quantidade;26/04/2019;Cotações
Quantidade;29/04/2019;Cotações
Quantidade;30/04/2019;Cotações
Quantidade;02/05/2019;Cotações
Quantidade;03/05/2019;Cotações
Quantidade;06/05/2019;Cotações
Quantidade;07/05/2019;Cotações
Quantidade;08/05/2019;Cotações
Quantidade;09/05/2019;Cotações
Quantidade;10/05/2019;Cotações
Quantidade;13/05/2019;Cotações
Quantidade;14/05/2019;Cotações
Quantidade;15/05/2019;Cotações
Quantidade;16/05/2019;Cotações
Quantidade;17/05/2019;Cotações
Quantidade;20/05/2019;Cotações
Quantidade;21/05/2019;Cotações
Quantidade;22/05/2019;Cotações
Quantidade;23/05/2019;Cotações
Quantidade;24/05/2019;Cotações
Quantidade;27/05/2019;Cotações
Quantidade;28/05/2019;Cotações
Quantidade;29/05/2019;Cotações
Quantidade;30/05/2019;Cotações
Quantidade;31/05/2019;Cotações
Quantidade;03/06/2019;Cotações
Quantidade;04/06/2019;Cotações
Quantidade;05/06/2019;Cotações
Quantidade;06/06/2019;Cotações
Quantidade;07/06/2019;Cotações
Quantidade;10/06/2019;Cotações
Quantidade;11/06/2019;Cotações
Quantidade;12/06/2019;Cotações
Quantidade;13/06/2019;Cotações
Quantidade;14/06/2019;Cotações
Quantidade;17/06/2019;Cotações
Quantidade;18/06/2019;Cotações
Quantidade;19/06/2019;Cotações
Quantidade;21/06/2019;Cotações
Quantidade;24/06/2019;Cotações
Quantidade;25/06/2019;Cotações
Quantidade;26/06/2019;Cotações
Quantidade;27/06/2019;Cotações
Quantidade;28/06/2019;Cotações
Quantidade;01/07/2019;Cotações
Quantidade;02/07/2019;Cotações
Quantidade;03/07/2019;Cotações
Quantidade;04/07/2019;Cotações
Quantidade;05/07/2019;Cotações
Quantidade;08/07/2019;Cotações
Quantidade;10/07/2019;Cotações
Quantidade;11/07/2019;Cotações
Quantidade;12/07/2019;Cotações
Quantidade;15/07/2019;Cotações
Quantidade;16/07/2019;Cotações
Quantidade;17/07/2019;Cotações
Quantidade;18/07/2019;Cotações
Quantidade;19/07/2019;Cotações
Quantidade;22/07/2019;Cotações
Quantidade;23/07/2019;Cotações
Quantidade;24/07/2019;Cotações
Quantidade;25/07/2019;Cotações
Quantidade;26/07/2019;Cotações
Quantidade;29/07/2019;Cotações
Quantidade;30/07/2019;Cotações
Quantidade;31/07/2019;Cotações
Quantidade;01/08/2019;Cotações
Quantidade;02/08/2019;Cotações
Quantidade;05/08/2019;Cotações
Quantidade;06/08/2019;Cotações
Quantidade;07/08/2019;Cotações
Quantidade;08/08/2019;Cotações
Quantidade;09/08/2019;Cotações
Quantidade;12/08/2019;Cotações
Quantidade;13/08/2019;Cotações
Quantidade;14/08/2019;Cotações
Quantidade;15/08/2019;Cotações
Quantidade;16/08/2019;Cotações
Quantidade;19/08/2019;Cotações
Quantidade;20/08/2019;Cotações
Quantidade;21/08/2019;Cotações
Quantidade;22/08/2019;Cotações
Quantidade;23/08/2019;Cotações
Quantidade;26/08/2019;Cotações
Quantidade;27/08/2019;Cotações
Quantidade;28/08/2019;Cotações
Quantidade;29/08/2019;Cotações
Quantidade;30/08/2019;Cotações
Quantidade;02/09/2019;Cotações
Quantidade;03/09/2019;Cotações
Quantidade;04/09/2019;Cotações
Quantidade;05/09/2019;Cotações
Quantidade;06/09/2019;Cotações
Quantidade;09/09/2019;Cotações
Quantidade;10/09/2019;Cotações
Quantidade;11/09/2019;Cotações
Quantidade;12/09/2019;Cotações
Quantidade;13/09/2019;Cotações
Quantidade;16/09/2019;Cotações
Quantidade;17/09/2019;Cotações
Quantidade;18/09/2019;Cotações
Quantidade;19/09/2019;Cotações
Quantidade;20/09/2019;Cotações
Quantidade;23/09/2019;Cotações
Quantidade;24/09/2019;Cotações
Quantidade;25/09/2019;Cotações
Quantidade;26/09/2019;Cotações
Quantidade;27/09/2019;Cotações
Quantidade;30/09/2019;Cotações
Quantidade;01/10/2019;Cotações
Quantidade;02/10/2019;Cotações
Quantidade;03/10/2019;Cotações
Quantidade;04/10/2019;Cotações
Quantidade;07/10/2019;Cotações
Quantidade;08/10/2019;Cotações
Quantidade;09/10/2019;Cotações
Quantidade;10/10/2019;Cotações
Quantidade;11/10/2019;Cotações
Quantidade;14/10/2019;Cotações
Quantidade;15/10/2019;Cotações
Quantidade;16/10/2019;Cotações
Quantidade;17/10/2019;Cotações
Quantidade;18/10/2019;Cotações
Quantidade;21/10/2019;Cotações
Quantidade;22/10/2019;Cotações
Quantidade;23/10/2019;Cotações
Quantidade;24/10/2019;Cotações
Quantidade;25/10/2019;Cotações
Quantidade;28/10/2019;Cotações
Quantidade;29/10/2019;Cotações
Quantidade;30/10/2019;Cotações
Quantidade;31/10/2019;Cotações
Quantidade;01/11/2019;Cotações
Quantidade;04/11/2019;Cotações
Quantidade;05/11/2019;Cotações
Quantidade;06/11/2019;Cotações
Quantidade;07/11/2019;Cotações
Quantidade;08/11/2019;Cotações
Quantidade;11/11/2019;Cotações
Quantidade;12/11/2019;Cotações
Quantidade;13/11/2019;Cotações
Quantidade;14/11/2019;Cotações
Quantidade;18/11/2019;Cotações
Quantidade;19/11/2019;Cotações
Quantidade;21/11/2019;Cotações
Quantidade;22/11/2019;Cotações
Quantidade;25/11/2019;Cotações
Quantidade;26/11/2019;Cotações
Quantidade;27/11/2019;Cotações
Quantidade;28/11/2019;Cotações
Quantidade;29/11/2019;Cotações
Quantidade;02/12/2019;Cotações
Quantidade;03/12/2019;Cotações
Quantidade;04/12/2019;Cotações
Quantidade;05/12/2019;Cotações
Quantidade;06/12/2019;Cotações
Quantidade;09/12/2019;Cotações
Quantidade;10/12/2019;Cotações
Quantidade;11/12/2019;Cotações
Quantidade;12/12/2019;Cotações
Quantidade;13/12/2019;Cotações
Quantidade;16/12/2019;Cotações
Quantidade;17/12/2019;Cotações
Quantidade;18/12/2019;Cotações
Quantidade;19/12/2019;Cotações
Quantidade;20/12/2019;Cotações
Quantidade;23/12/2019;Cotações
Quantidade;26/12/2019;Cotações
Quantidade;27/12/2019;Cotações
Quantidade;30/12/2019;Cotações
Quantidade;02/01/2020;Cotações
Quantidade;03/01/2020;Cotações
Quantidade;06/01/2020;Cotações
Quantidade;07/01/2020;Cotações
Quantidade;08/01/2020;Cotações
Quantidade;09/01/2020;Cotações
Quantidade;10/01/2020;Cotações
Quantidade;13/01/2020;Cotações
Quantidade;14/01/2020;Cotações
Quantidade;15/01/2020;Cotações
Quantidade;16/01/2020;Cotações
Quantidade;17/01/2020;Cotações
Quantidade;20/01/2020;Cotações
Quantidade;21/01/2020;Cotações
Quantidade;22/01/2020;Cotações
Quantidade;23/01/2020;Cotações
Quantidade;24/01/2020;Cotações
Quantidade;27/01/2020;Cotações
Quantidade;28/01/2020;Cotações
Quantidade;29/01/2020;Cotações
Quantidade;30/01/2020;Cotações
Quantidade;31/01/2020;Cotações
Quantidade;03/02/2020;Cotações
Quantidade;04/02/2020;Cotações
Quantidade;05/02/2020;Cotações
Quantidade;06/02/2020;Cotações
Quantidade;07/02/2020;Cotações
Quantidade;10/02/2020;Cotações
Quantidade;11/02/2020;Cotações
Quantidade;12/02/2020;Cotações
Quantidade;13/02/2020;Cotações
Quantidade;14/02/2020;Cotações
Quantidade;17/02/2020;Cotações
Quantidade;18/02/2020;Cotações
Quantidade;19/02/2020;Cotações
Quantidade;20/02/2020;Cotações
Quantidade;21/02/2020;Cotações
Quantidade;26/02/2020;Cotações
Quantidade;27/02/2020;Cotações
Quantidade;28/02/2020;Cotações
Quantidade;02/03/2020;Cotações
Quantidade;03/03/2020;Cotações
Quantidade;04/03/2020;Cotações
Quantidade;05/03/2020;Cotações
Quantidade;06/03/2020;Cotações
Quantidade;09/03/2020;Cotações
Quantidade;10/03/2020;Cotações
Quantidade;11/03/2020;Cotações
Quantidade;12/03/2020;Cotações
Quantidade;13/03/2020;Cotações
Quantidade;16/03/2020;Cotações
Quantidade;17/03/2020;Cotações
Quantidade;18/03/2020;Cotações
Quantidade;19/03/2020;Cotações
Quantidade;20/03/2020;Cotações
Quantidade;23/03/2020;Cotações
Quantidade;24/03/2020;Cotações
Quantidade;25/03/2020;Cotações
Quantidade;26/03/2020;Cotações
Quantidade;27/03/2020;Cotações
Quantidade;30/03/2020;Cotações
Quantidade;31/03/2020;Cotações
Quantidade;01/04/2020;Cotações
Quantidade;02/04/2020;Cotações
Quantidade;03/04/2020;Cotações
Quantidade;06/04/2020;Cotações
Quantidade;07/04/2020;Cotações
Quantidade;08/04/2020;Cotações
Quantidade;09/04/2020;Cotações
Quantidade;13/04/2020;Cotações
Quantidade;14/04/2020;Cotações
Quantidade;15/04/2020;Cotações
Quantidade;16/04/2020;Cotações
Quantidade;17/04/2020;Cotações
Quantidade;20/04/2020;Cotações
Quantidade;22/04/2020;Cotações
Quantidade;23/04/2020;Cotações
Quantidade;24/04/2020;Cotações
Quantidade;27/04/2020;Cotações
Quantidade;28/04/2020;Cotações
Quantidade;29/04/2020;Cotações
Quantidade;30/04/2020;Cotações
Quantidade;04/05/2020;Cotações
Quantidade;05/05/2020;Cotações
Quantidade;06/05/2020;Cotações
Quantidade;07/05/2020;Cotações
Quantidade;08/05/2020;Cotações
Quantidade;11/05/2020;Cotações
Quantidade;12/05/2020;Cotações
Quantidade;13/05/2020;Cotações
Quantidade;14/05/2020;Cotações
Quantidade;15/05/2020;Cotações
Quantidade;18/05/2020;Cotações
Quantidade;19/05/2020;Cotações
Quantidade;20/05/2020;Cotações
Quantidade;21/05/2020;Cotações
Quantidade;22/05/2020;Cotações
Quantidade;25/05/2020;Cotações
Quantidade;26/05/2020;Cotações
Quantidade;27/05/2020;Cotações
Quantidade;28/05/2020;Cotações
Quantidade;29/05/2020;Cotações
Quantidade;01/06/2020;Cotações
Quantidade;02/06/2020;Cotações
Quantidade;03/06/2020;Cotações
Quantidade;04/06/2020;Cotações
Quantidade;05/06/2020;Cotações
Quantidade;08/06/2020;Cotações
Quantidade;09/06/2020;Cotações
Quantidade;10/06/2020;Cotações
Quantidade;12/06/2020;Cotações
Quantidade;15/06/2020;Cotações
Quantidade;16/06/2020;Cotações
Quantidade;17/06/2020;Cotações
Quantidade;18/06/2020;Cotações
Quantidade;19/06/2020;Cotações
Quantidade;22/06/2020;Cotações
Quantidade;23/06/2020;Cotações
Quantidade;24/06/2020;Cotações
Quantidade;25/06/2020;Cotações
Quantidade;26/06/2020;Cotações
Quantidade;29/06/2020;Cotações
Quantidade;30/06/2020;Cotações
Quantidade;01/07/2020;Cotações
Quantidade;02/07/2020;Cotações
Quantidade;03/07/2020;Cotações
Quantidade;06/07/2020;Cotações
Quantidade;07/07/2020;Cotações
Quantidade;08/07/2020;Cotações
Quantidade;09/07/2020;Cotações
Quantidade;10/07/2020;Cotações
Quantidade;13/07/2020;Cotações
Quantidade;14/07/2020;Cotações
Quantidade;15/07/2020;Cotações
Quantidade;16/07/2020;Cotações
Quantidade;17/07/2020;Cotações
Quantidade;20/07/2020;Cotações
Quantidade;21/07/2020;Cotações
Quantidade;22/07/2020;Cotações
Quantidade;23/07/2020;Cotações
Quantidade;24/07/2020;Cotações
Quantidade;27/07/2020;Cotações
Quantidade;28/07/2020;Cotações
Quantidade;29/07/2020;Cotações
Quantidade;30/07/2020;Cotações
Quantidade;31/07/2020;Cotações
Quantidade;03/08/2020;Cotações
Quantidade;04/08/2020;Cotações
Quantidade;05/08/2020;Cotações
Quantidade;06/08/2020;Cotações
Quantidade;07/08/2020;Cotações
Quantidade;10/08/2020;Cotações
Quantidade;11/08/2020;Cotações
Quantidade;12/08/2020;Cotações
Quantidade;13/08/2020;Cotações
Quantidade;14/08/2020;Cotações
Quantidade;17/08/2020;Cotações
Quantidade;18/08/2020;Cotações
Quantidade;19/08/2020;Cotações
Quantidade;20/08/2020;Cotações
Quantidade;21/08/2020;Cotações
Quantidade;24/08/2020;Cotações
Quantidade;25/08/2020;Cotações
Quantidade;26/08/2020;Cotações
Quantidade;27/08/2020;Cotações
Quantidade;28/08/2020;Cotações
Quantidade;31/08/2020;Cotações
Quantidade;01/09/2020;Cotações
Quantidade;02/09/2020;Cotações
Quantidade;03/09/2020;Cotações
Quantidade;04/09/2020;Cotações
Quantidade;08/09/2020;Cotações
Quantidade;09/09/2020;Cotações
Quantidade;10/09/2020;Cotações
Quantidade;11/09/2020;Cotações
Quantidade;14/09/2020;Cotações
Quantidade;15/09/2020;Cotações
Quantidade;16/09/2020;Cotações
Quantidade;17/09/2020;Cotações
Quantidade;18/09/2020;Cotações
Quantidade;21/09/2020;Cotações
Quantidade;22/09/2020;Cotações
Quantidade;23/09/2020;Cotações
Quantidade;24/09/2020;Cotações
Quantidade;25/09/2020;Cotações
Quantidade;28/09/2020;Cotações
Quantidade;29/09/2020;Cotações
Quantidade;30/09/2020;Cotações
Quantidade;01/10/2020;Cotações
Quantidade;02/10/2020;Cotações
Quantidade;05/10/2020;Cotações
Quantidade;06/10/2020;Cotações
Quantidade;07/10/2020;Cotações
Quantidade;08/10/2020;Cotações
Quantidade;09/10/2020;Cotações
Quantidade;13/10/2020;Cotações
Quantidade;14/10/2020;Cotações
Quantidade;15/10/2020;Cotações
Quantidade;16/10/2020;Cotações
Quantidade;19/10/2020;Cotações
Quantidade;20/10/2020;Cotações
Quantidade;21/10/2020;Cotações
Quantidade;22/10/2020;Cotações
Quantidade;23/10/2020;Cotações
Quantidade;26/10/2020;Cotações
Quantidade;27/10/2020;Cotações
Quantidade;28/10/2020;Cotações
Quantidade;29/10/2020;Cotações
Quantidade;30/10/2020;Cotações
Quantidade;03/11/2020;Cotações
Quantidade;04/11/2020;Cotações
Quantidade;05/11/2020;Cotações
Quantidade;06/11/2020;Cotações
Quantidade;09/11/2020;Cotações
Quantidade;10/11/2020;Cotações
Quantidade;11/11/2020;Cotações
Quantidade;12/11/2020;Cotações
Quantidade;13/11/2020;Cotações
Quantidade;16/11/2020;Cotações
Quantidade;17/11/2020;Cotações
Quantidade;18/11/2020;Cotações
Quantidade;19/11/2020;Cotações
Quantidade;20/11/2020;Cotações
Quantidade;23/11/2020;Cotações
Quantidade;24/11/2020;Cotações
Quantidade;25/11/2020;Cotações
Quantidade;26/11/2020;Cotações
Quantidade;27/11/2020;Cotações
Quantidade;30/11/2020;Cotações
Quantidade;01/12/2020;Cotações
Quantidade;02/12/2020;Cotações
Quantidade;03/12/2020;Cotações
Quantidade;04/12/2020;Cotações
Quantidade;07/12/2020;Cotações
Quantidade;08/12/2020;Cotações
Quantidade;09/12/2020;Cotações
Quantidade;10/12/2020;Cotações
Quantidade;11/12/2020;Cotações
Quantidade;14/12/2020;Cotações
Quantidade;15/12/2020;Cotações
Quantidade;16/12/2020;Cotações
Quantidade;17/12/2020;Cotações
Quantidade;18/12/2020;Cotações
Quantidade;21/12/2020;Cotações
Quantidade;22/12/2020;Cotações
Quantidade;23/12/2020;Cotações
Quantidade;28/12/2020;Cotações
Quantidade;29/12/2020;Cotações
Quantidade;30/12/2020;Cotações
Quantidade;04/01/2021;Cotações
Quantidade;05/01/2021;Cotações
Quantidade;06/01/2021;Cotações
Quantidade;07/01/2021;Cotações
Quantidade;08/01/2021;Cotações
Quantidade;11/01/2021;Cotações
Quantidade;12/01/2021;Cotações
Quantidade;13/01/2021;Cotações
Quantidade;14/01/2021;Cotações
Quantidade;15/01/2021;Cotações
Quantidade;18/01/2021;Cotações
Quantidade;19/01/2021;Cotações
Quantidade;20/01/2021;Cotações
Quantidade;21/01/2021;Cotações
Quantidade;22/01/2021;Cotações
Quantidade;26/01/2021;Cotações
Quantidade;27/01/2021;Cotações
Quantidade;28/01/2021;Cotações
Quantidade;29/01/2021;Cotações
Quantidade;01/02/2021;Cotações
Quantidade;02/02/2021;Cotações
Quantidade;03/02/2021;Cotações
Quantidade;04/02/2021;Cotações
Quantidade;05/02/2021;Cotações
Quantidade;08/02/2021;Cotações
Quantidade;09/02/2021;Cotações
Quantidade;10/02/2021;Cotações
Quantidade;11/02/2021;Cotações
Quantidade;12/02/2021;Cotações
Quantidade;17/02/2021;Cotações
Quantidade;18/02/2021;Cotações
Quantidade;19/02/2021;Cotações
Quantidade;22/02/2021;Cotações
Quantidade;23/02/2021;Cotações
Quantidade;24/02/2021;Cotações
Quantidade;25/02/2021;Cotações
Quantidade;26/02/2021;Cotações
Quantidade;01/03/2021;Cotações
Quantidade;02/03/2021;Cotações
Quantidade;03/03/2021;Cotações
Quantidade;04/03/2021;Cotações
Quantidade;05/03/2021;Cotações
Quantidade;08/03/2021;Cotações
Quantidade;09/03/2021;Cotações
Quantidade;10/03/2021;Cotações
Quantidade;11/03/2021;Cotações
Quantidade;12/03/2021;Cotações
Quantidade;15/03/2021;Cotações
Quantidade;16/03/2021;Cotações
Quantidade;17/03/2021;Cotações
Quantidade;18/03/2021;Cotações
Quantidade;19/03/2021;Cotações
Quantidade;22/03/2021;Cotações
Quantidade;23/03/2021;Cotações
Quantidade;24/03/2021;Cotações
Quantidade;25/03/2021;Cotações
Quantidade;26/03/2021;Cotações
Quantidade;29/03/2021;Cotações
Quantidade;30/03/2021;Cotações
Quantidade;31/03/2021;Cotações
Quantidade;01/04/2021;Cotações
Quantidade;05/04/2021;Cotações
Quantidade;06/04/2021;Cotações
Quantidade;07/04/2021;Cotações
Quantidade;08/04/2021;Cotações
Quantidade;09/04/2021;Cotações
Quantidade;12/04/2021;Cotações
Quantidade;13/04/2021;Cotações
Quantidade;14/04/2021;Cotações
Quantidade;15/04/2021;Cotações
Quantidade;16/04/2021;Cotações
Quantidade;19/04/2021;Cotações
Quantidade;20/04/2021;Cotações
Quantidade;22/04/2021;Cotações
Quantidade;23/04/2021;Cotações
Quantidade;26/04/2021;Cotações
Quantidade;27/04/2021;Cotações
Quantidade;28/04/2021;Cotações
Quantidade;29/04/2021;Cotações
Quantidade;30/04/2021;Cotações
Quantidade;03/05/2021;Cotações
Quantidade;04/05/2021;Cotações
Quantidade;05/05/2021;Cotações
Quantidade;06/05/2021;Cotações
Quantidade;07/05/2021;Cotações
Quantidade;10/05/2021;Cotações
Quantidade;11/05/2021;Cotações
Quantidade;12/05/2021;Cotações
Quantidade;13/05/2021;Cotações
Quantidade;14/05/2021;Cotações
Quantidade;17/05/2021;Cotações
Quantidade;18/05/2021;Cotações
Quantidade;19/05/2021;Cotações
Quantidade;20/05/2021;Cotações
Quantidade;21/05/2021;Cotações
Quantidade;24/05/2021;Cotações
Quantidade;25/05/2021;Cotações
Quantidade;26/05/2021;Cotações
Quantidade;27/05/2021;Cotações
Quantidade;28/05/2021;Cotações
Quantidade;31/05/2021;Cotações
Quantidade;01/06/2021;Cotações
Quantidade;02/06/2021;Cotações
Quantidade;04/06/2021;Cotações
Quantidade;07/06/2021;Cotações
Quantidade;08/06/2021;Cotações
Quantidade;09/06/2021;Cotações
Quantidade;10/06/2021;Cotações
Quantidade;11/06/2021;Cotações
Quantidade;14/06/2021;Cotações
Quantidade;15/06/2021;Cotações
Quantidade;16/06/2021;Cotações
Quantidade;17/06/2021;Cotações
Quantidade;18/06/2021;Cotações
Quantidade;21/06/2021;Cotações
Quantidade;22/06/2021;Cotações
Quantidade;23/06/2021;Cotações
Quantidade;24/06/2021;Cotações
Quantidade;25/06/2021;Cotações
Quantidade;28/06/2021;Cotações
Quantidade;29/06/2021;Cotações
Quantidade;30/06/2021;Cotações
Quantidade;01/07/2021;Cotações
Quantidade;02/07/2021;Cotações
Quantidade;05/07/2021;Cotações
Quantidade;06/07/2021;Cotações
Quantidade;07/07/2021;Cotações
Quantidade;08/07/2021;Cotações
Quantidade;12/07/2021;Cotações
Quantidade;13/07/2021;Cotações
Quantidade;14/07/2021;Cotações
Quantidade;15/07/2021;Cotações
Quantidade;16/07/2021;Cotações
Quantidade;19/07/2021;Cotações
Quantidade;20/07/2021;Cotações
Quantidade;21/07/2021;Cotações
Quantidade;22/07/2021;Cotações
Quantidade;23/07/2021;Cotações
Quantidade;26/07/2021;Cotações
Quantidade;27/07/2021;Cotações
Quantidade;28/07/2021;Cotações
Quantidade;29/07/2021;Cotações
Quantidade;30/07/2021;Cotações
Quantidade;02/08/2021;Cotações
Quantidade;03/08/2021;Cotações
Quantidade;04/08/2021;Cotações
Quantidade;05/08/2021;Cotações
Quantidade;06/08/2021;Cotações
Quantidade;09/08/2021;Cotações
Quantidade;10/08/2021;Cotações
Quantidade;11/08/2021;Cotações
Quantidade;12/08/2021;Cotações
Quantidade;13/08/2021;Cotações
Quantidade;16/08/2021;Cotações
Quantidade;17/08/2021;Cotações
Quantidade;18/08/2021;Cotações
Quantidade;19/08/2021;Cotações
Quantidade;20/08/2021;Cotações
Quantidade;23/08/2021;Cotações
Quantidade;24/08/2021;Cotações
Quantidade;25/08/2021;Cotações
Quantidade;26/08/2021;Cotações
Quantidade;27/08/2021;Cotações
Quantidade;30/08/2021;Cotações
Quantidade;31/08/2021;Cotações
Quantidade;01/09/2021;Cotações
Quantidade;02/09/2021;Cotações
Quantidade;03/09/2021;Cotações
Quantidade;06/09/2021;Cotações
Quantidade;08/09/2021;Cotações
Quantidade;09/09/2021;Cotações
Quantidade;10/09/2021;Cotações
Quantidade;13/09/2021;Cotações
Quantidade;14/09/2021;Cotações
Quantidade;15/09/2021;Cotações
Quantidade;16/09/2021;Cotações
Quantidade;17/09/2021;Cotações
Quantidade;20/09/2021;Cotações
Quantidade;21/09/2021;Cotações
Quantidade;22/09/2021;Cotações
Quantidade;23/09/2021;Cotações
Quantidade;24/09/2021;Cotações
Quantidade;27/09/2021;Cotações
Quantidade;28/09/2021;Cotações
Quantidade;29/09/2021;Cotações
Quantidade;30/09/2021;Cotações
Quantidade;01/10/2021;Cotações
Quantidade;04/10/2021;Cotações
Quantidade;05/10/2021;Cotações
Quantidade;06/10/2021;Cotações
Quantidade;07/10/2021;Cotações
Quantidade;08/10/2021;Cotações
Quantidade;11/10/2021;Cotações
Quantidade;13/10/2021;Cotações
Quantidade;14/10/2021;Cotações
Quantidade;15/10/2021;Cotações
Quantidade;18/10/2021;Cotações
Quantidade;19/10/2021;Cotações
Quantidade;20/10/2021;Cotações
Quantidade;21/10/2021;Cotações
Quantidade;22/10/2021;Cotações
Quantidade;25/10/2021;Cotações
Quantidade;26/10/2021;Cotações
Quantidade;27/10/2021;Cotações
Quantidade;28/10/2021;Cotações
Quantidade;29/10/2021;Cotações
Quantidade;01/11/2021;Cotações
Quantidade;03/11/2021;Cotações
Quantidade;04/11/2021;Cotações
Quantidade;05/11/2021;Cotações
Quantidade;08/11/2021;Cotações
Quantidade;09/11/2021;Cotações
Quantidade;10/11/2021;Cotações
Quantidade;11/11/2021;Cotações
Quantidade;12/11/2021;Cotações
Quantidade;16/11/2021;Cotações
Quantidade;17/11/2021;Cotações
Quantidade;18/11/2021;Cotações
Quantidade;19/11/2021;Cotações
Quantidade;22/11/2021;Cotações
Quantidade;23/11/2021;Cotações
Quantidade;24/11/2021;Cotações
Quantidade;25/11/2021;Cotações
Quantidade;26/11/2021;Cotações
Quantidade;29/11/2021;Cotações
Quantidade;30/11/2021;Cotações
Quantidade;01/12/2021;Cotações
Quantidade;02/12/2021;Cotações
Quantidade;03/12/2021;Cotações
Quantidade;06/12/2021;Cotações
Quantidade;07/12/2021;Cotações
Quantidade;08/12/2021;Cotações
Quantidade;09/12/2021;Cotações
Quantidade;10/12/2021;Cotações
Quantidade;13/12/2021;Cotações
Quantidade;14/12/2021;Cotações
Quantidade;15/12/2021;Cotações
Quantidade;16/12/2021;Cotações
Quantidade;17/12/2021;Cotações
Quantidade;20/12/2021;Cotações
Quantidade;21/12/2021;Cotações
Quantidade;22/12/2021;Cotações
Quantidade;23/12/2021;Cotações
Quantidade;27/12/2021;Cotações
Quantidade;28/12/2021;Cotações
Quantidade;29/12/2021;Cotações
Quantidade;30/12/2021;Cotações
Quantidade;03/01/2022;Cotações
Quantidade;04/01/2022;Cotações
Quantidade;05/01/2022;Cotações
Quantidade;06/01/2022;Cotações
Quantidade;07/01/2022;Cotações
Quantidade;10/01/2022;Cotações
Quantidade;11/01/2022;Cotações
Quantidade;12/01/2022;Cotações
Quantidade;13/01/2022;Cotações
Quantidade;14/01/2022;Cotações
Quantidade;17/01/2022;Cotações
Quantidade;18/01/2022;Cotações
Quantidade;19/01/2022;Cotações
Quantidade;20/01/2022;Cotações
Quantidade;21/01/2022;Cotações
Quantidade;24/01/2022;Cotações
Quantidade;25/01/2022;Cotações
Quantidade;26/01/2022;Cotações
Quantidade;27/01/2022;Cotações
Quantidade;28/01/2022;Cotações
Quantidade;31/01/2022;Cotações
Quantidade;01/02/2022;Cotações
Quantidade;02/02/2022;Cotações
Quantidade;03/02/2022;Cotações
Quantidade;04/02/2022;Cotações
Quantidade;07/02/2022;Cotações
Quantidade;08/02/2022;Cotações
Quantidade;09/02/2022;Cotações
Quantidade;10/02/2022;Cotações
Quantidade;11/02/2022;Cotações
Quantidade;14/02/2022;Cotações
Quantidade;15/02/2022;Cotações
Quantidade;16/02/2022;Cotações
Quantidade;17/02/2022;Cotações
Quantidade;18/02/2022;Cotações
Quantidade;21/02/2022;Cotações
Quantidade;22/02/2022;Cotações
Quantidade;23/02/2022;Cotações
Quantidade;24/02/2022;Cotações
Quantidade;25/02/2022;Cotações
Quantidade;02/03/2022;Cotações
Quantidade;03/03/2022;Cotações
Quantidade;04/03/2022;Cotações
Quantidade;07/03/2022;Cotações
Quantidade;08/03/2022;Cotações
Quantidade;09/03/2022;Cotações
Quantidade;10/03/2022;Cotações
Quantidade;11/03/2022;Cotações
Quantidade;14/03/2022;Cotações
Quantidade;15/03/2022;Cotações
Quantidade;16/03/2022;Cotações
Quantidade;17/03/2022;Cotações
Quantidade;18/03/2022;Cotações
Quantidade;21/03/2022;Cotações
Quantidade;22/03/2022;Cotações
Quantidade;23/03/2022;Cotações
Quantidade;24/03/2022;Cotações
Quantidade;25/03/2022;Cotações
Quantidade;28/03/2022;Cotações
Quantidade;29/03/2022;Cotações
Quantidade;30/03/2022;Cotações
Quantidade;31/03/2022;Cotações
Quantidade;01/04/2022;Cotações
Quantidade;04/04/2022;Cotações
Quantidade;05/04/2022;Cotações
Quantidade;06/04/2022;Cotações
Quantidade;07/04/2022;Cotações
Quantidade;08/04/2022;Cotações
Quantidade;11/04/2022;Cotações
Quantidade;12/04/2022;Cotações
Quantidade;13/04/2022;Cotações
Quantidade;14/04/2022;Cotações
Quantidade;18/04/2022;Cotações
Quantidade;19/04/2022;Cotações
Quantidade;20/04/2022;Cotações
Quantidade;22/04/2022;Cotações
Quantidade;25/04/2022;Cotações
Quantidade;26/04/2022;Cotações
Quantidade;27/04/2022;Cotações
Quantidade;28/04/2022;Cotações
Quantidade;29/04/2022;Cotações
Quantidade;02/05/2022;Cotações
Quantidade;03/05/2022;Cotações
Quantidade;04/05/2022;Cotações
Quantidade;05/05/2022;Cotações
Quantidade;06/05/2022;Cotações
Quantidade;09/05/2022;Cotações
Quantidade;10/05/2022;Cotações
Quantidade;11/05/2022;Cotações
Quantidade;12/05/2022;Cotações
Quantidade;13/05/2022;Cotações
Quantidade;16/05/2022;Cotações
Quantidade;17/05/2022;Cotações
Quantidade;18/05/2022;Cotações
Quantidade;19/05/2022;Cotações
Quantidade;20/05/2022;Cotações
Quantidade;23/05/2022;Cotações
Quantidade;24/05/2022;Cotações
Quantidade;25/05/2022;Cotações
Quantidade;26/05/2022;Cotações
Quantidade;27/05/2022;Cotações
Quantidade;30/05/2022;Cotações
Quantidade;31/05/2022;Cotações
Quantidade;01/06/2022;Cotações
Quantidade;02/06/2022;Cotações
Quantidade;03/06/2022;Cotações
Quantidade;06/06/2022;Cotações
Quantidade;07/06/2022;Cotações
Quantidade;08/06/2022;Cotações
Quantidade;09/06/2022;Cotações
Quantidade;10/06/2022;Cotações
Quantidade;13/06/2022;Cotações
Quantidade;14/06/2022;Cotações
Quantidade;15/06/2022;Cotações
Quantidade;17/06/2022;Cotações
Quantidade;20/06/2022;Cotações
Quantidade;21/06/2022;Cotações
Quantidade;22/06/2022;Cotações
Quantidade;23/06/2022;Cotações
Quantidade;24/06/2022;Cotações
Quantidade;27/06/2022;Cotações
Quantidade;28/06/2022;Cotações
Quantidade;29/06/2022;Cotações
Quantidade;30/06/2022;Cotações
Quantidade;01/07/2022;Cotações
Quantidade;04/07/2022;Cotações
Quantidade;05/07/2022;Cotações
Quantidade;06/07/2022;Cotações
Quantidade;07/07/2022;Cotações
Quantidade;08/07/2022;Cotações
Quantidade;11/07/2022;Cotações
Quantidade;12/07/2022;Cotações
Quantidade;13/07/2022;Cotações
Quantidade;14/07/2022;Cotações
Quantidade;15/07/2022;Cotações
Quantidade;18/07/2022;Cotações
Quantidade;19/07/2022;Cotações
Quantidade;20/07/2022;Cotações
Quantidade;21/07/2022;Cotações
Quantidade;22/07/2022;Cotações
Quantidade;25/07/2022;Cotações
Quantidade;26/07/2022;Cotações
Quantidade;27/07/2022;Cotações
Quantidade;28/07/2022;Cotações
Quantidade;29/07/2022;Cotações
Quantidade;01/08/2022;Cotações
Quantidade;02/08/2022;Cotações
Quantidade;03/08/2022;Cotações
Quantidade;04/08/2022;Cotações
Quantidade;05/08/2022;Cotações
Quantidade;08/08/2022;Cotações
Quantidade;09/08/2022;Cotações
Quantidade;10/08/2022;Cotações
Quantidade;11/08/2022;Cotações
Quantidade;12/08/2022;Cotações
Quantidade;15/08/2022;Cotações
Quantidade;16/08/2022;Cotações
Quantidade;17/08/2022;Cotações
Quantidade;18/08/2022;Cotações
Quantidade;19/08/2022;Cotações
Quantidade;22/08/2022;Cotações
Quantidade;23/08/2022;Cotações
Quantidade;24/08/2022;Cotações
Quantidade;25/08/2022;Cotações
Quantidade;26/08/2022;Cotações
Quantidade;29/08/2022;Cotações
Quantidade;30/08/2022;Cotações
Quantidade;31/08/2022;Cotações
Quantidade;01/09/2022;Cotações
Quantidade;02/09/2022;Cotações
Quantidade;05/09/2022;Cotações
Quantidade;06/09/2022;Cotações
Quantidade;08/09/2022;Cotações
Quantidade;09/09/2022;Cotações
Quantidade;12/09/2022;Cotações
Quantidade;13/09/2022;Cotações
Quantidade;14/09/2022;Cotações
Quantidade;15/09/2022;Cotações
Quantidade;16/09/2022;Cotações
Quantidade;19/09/2022;Cotações
Quantidade;20/09/2022;Cotações
Quantidade;21/09/2022;Cotações
Quantidade;22/09/2022;Cotações
Quantidade;23/09/2022;Cotações
Quantidade;26/09/2022;Cotações
Quantidade;27/09/2022;Cotações
Quantidade;28/09/2022;Cotações
Quantidade;29/09/2022;Cotações
Quantidade;30/09/2022;Cotações
Quantidade;03/10/2022;Cotações
Quantidade;04/10/2022;Cotações
Quantidade;05/10/2022;Cotações
Quantidade;06/10/2022;Cotações
Quantidade;07/10/2022;Cotações
Quantidade;10/10/2022;Cotações
Quantidade;11/10/2022;Cotações
Quantidade;13/10/2022;Cotações
Quantidade;14/10/2022;Cotações
Quantidade;17/10/2022;Cotações
Quantidade;18/10/2022;Cotações
Quantidade;19/10/2022;Cotações
Quantidade;20/10/2022;Cotações
Quantidade;21/10/2022;Cotações
Quantidade;24/10/2022;Cotações
Quantidade;25/10/2022;Cotações
Quantidade;26/10/2022;Cotações
Quantidade;27/10/2022;Cotações
Quantidade;28/10/2022;Cotações
Quantidade;31/10/2022;Cotações
Quantidade;01/11/2022;Cotações
Quantidade;03/11/2022;Cotações
Quantidade;04/11/2022;Cotações
Quantidade;07/11/2022;Cotações
Quantidade;08/11/2022;Cotações
Quantidade;09/11/2022;Cotações
Quantidade;10/11/2022;Cotações
Quantidade;11/11/2022;Cotações
Quantidade;14/11/2022;Cotações
Quantidade;16/11/2022;Cotações
Quantidade;17/11/2022;Cotações
Quantidade;18/11/2022;Cotações
Quantidade;21/11/2022;Cotações
Quantidade;22/11/2022;Cotações
Quantidade;23/11/2022;Cotações
Quantidade;24/11/2022;Cotações
Quantidade;25/11/2022;Cotações
Quantidade;28/11/2022;Cotações
Quantidade;29/11/2022;Cotações
Quantidade;30/11/2022;Cotações
Quantidade;01/12/2022;Cotações
Quantidade;02/12/2022;Cotações
Quantidade;05/12/2022;Cotações
Quantidade;06/12/2022;Cotações
Quantidade;07/12/2022;Cotações
Quantidade;08/12/2022;Cotações
Quantidade;09/12/2022;Cotações
Quantidade;12/12/2022;Cotações
Quantidade;13/12/2022;Cotações
Quantidade;14/12/2022;Cotações
Quantidade;15/12/2022;Cotações
Quantidade;16/12/2022;Cotações
Quantidade;19/12/2022;Cotações
Quantidade;20/12/2022;Cotações
Quantidade;21/12/2022;Cotações
Quantidade;22/12/2022;Cotações
Quantidade;23/12/2022;Cotações
Quantidade;26/12/2022;Cotações
Quantidade;27/12/2022;Cotações
Quantidade;28/12/2022;Cotações
Quantidade;29/12/2022;Cotações
Quantidade;02/01/2023;Cotações
Quantidade;03/01/2023;Cotações
Quantidade;04/01/2023;Cotações
Quantidade;05/01/2023;Cotações
Quantidade;06/01/2023;Cotações
Quantidade;09/01/2023;Cotações
Quantidade;10/01/2023;Cotações
Quantidade;11/01/2023;Cotações
Quantidade;12/01/2023;Cotações
Quantidade;13/01/2023;Cotações
Quantidade;16/01/2023;Cotações
Quantidade;17/01/2023;Cotações
Quantidade;18/01/2023;Cotações
Quantidade;19/01/2023;Cotações
Quantidade;20/01/2023;Cotações
Quantidade;23/01/2023;Cotações
Quantidade;24/01/2023;Cotações
Quantidade;25/01/2023;Cotações
Quantidade;26/01/2023;Cotações
Quantidade;27/01/2023;Cotações
Quantidade;30/01/2023;Cotações
Quantidade;31/01/2023;Cotações
Quantidade;01/02/2023;Cotações
Quantidade;02/02/2023;Cotações
Quantidade;03/02/2023;Cotações
Quantidade;06/02/2023;Cotações
Quantidade;07/02/2023;Cotações
Quantidade;08/02/2023;Cotações
Quantidade;09/02/2023;Cotações
Quantidade;10/02/2023;Cotações
Quantidade;13/02/2023;Cotações
Quantidade;14/02/2023;Cotações
Quantidade;15/02/2023;Cotações
Quantidade;16/02/2023;Cotações
Quantidade;17/02/2023;Cotações
Quantidade;22/02/2023;Cotações
Quantidade;23/02/2023;Cotações
Quantidade;24/02/2023;Cotações
Quantidade;27/02/2023;Cotações
Quantidade;28/02/2023;Cotações
Quantidade;01/03/2023;Cotações
Quantidade;02/03/2023;Cotações
Quantidade;03/03/2023;Cotações
Quantidade;06/03/2023;Cotações
Quantidade;07/03/2023;Cotações
Quantidade;08/03/2023;Cotações
Quantidade;09/03/2023;Cotações
Quantidade;10/03/2023;Cotações
Quantidade;13/03/2023;Cotações
Quantidade;14/03/2023;Cotações
Quantidade;15/03/2023;Cotações
Quantidade;16/03/2023;Cotações
Quantidade;17/03/2023;Cotações
Quantidade;20/03/2023;Cotações
Quantidade;21/03/2023;Cotações
Quantidade;22/03/2023;Cotações
Quantidade;23/03/2023;Cotações
Quantidade;24/03/2023;Cotações
Quantidade;27/03/2023;Cotações
Quantidade;28/03/2023;Cotações
Quantidade;29/03/2023;Cotações
Quantidade;30/03/2023;Cotações
Quantidade;31/03/2023;Cotações
Quantidade;03/04/2023;Cotações
Quantidade;04/04/2023;Cotações
Quantidade;05/04/2023;Cotações
Quantidade;06/04/2023;Cotações
Quantidade;10/04/2023;Cotações
Quantidade;11/04/2023;Cotações
Quantidade;12/04/2023;Cotações
Quantidade;13/04/2023;Cotações
Quantidade;14/04/2023;Cotações
Quantidade;17/04/2023;Cotações
Quantidade;18/04/2023;Cotações
Quantidade;19/04/2023;Cotações
Quantidade;20/04/2023;Cotações
Quantidade;24/04/2023;Cotações
Quantidade;25/04/2023;Cotações
Quantidade;26/04/2023;Cotações
Quantidade;27/04/2023;Cotações
Quantidade;28/04/2023;Cotações
Quantidade;02/05/2023;Cotações
Quantidade;03/05/2023;Cotações
Quantidade;04/05/2023;Cotações
Quantidade;05/05/2023;Cotações
Quantidade;08/05/2023;Cotações
Quantidade;09/05/2023;Cotações
Quantidade;10/05/2023;Cotações
Quantidade;11/05/2023;Cotações
Quantidade;12/05/2023;Cotações
Quantidade;15/05/2023;Cotações
Quantidade;16/05/2023;Cotações
Quantidade;17/05/2023;Cotações
Quantidade;18/05/2023;Cotações
Quantidade;19/05/2023;Cotações
Quantidade;22/05/2023;Cotações
Quantidade;23/05/2023;Cotações
Quantidade;24/05/2023;Cotações
Quantidade;25/05/2023;Cotações
Quantidade;26/05/2023;Cotações
Quantidade;29/05/2023;Cotações
Quantidade;30/05/2023;Cotações
Quantidade;31/05/2023;Cotações
Quantidade;01/06/2023;Cotações
Quantidade;02/06/2023;Cotações
Quantidade;05/06/2023;Cotações
Quantidade;06/06/2023;Cotações
Quantidade;07/06/2023;Cotações
Quantidade;09/06/2023;Cotações
Quantidade;12/06/2023;Cotações
Quantidade;13/06/2023;Cotações
Quantidade;14/06/2023;Cotações
Quantidade;15/06/2023;Cotações
Quantidade;16/06/2023;Cotações
Quantidade;19/06/2023;Cotações
Quantidade;20/06/2023;Cotações
Quantidade;21/06/2023;Cotações
Quantidade;22/06/2023;Cotações
Quantidade;23/06/2023;Cotações
Quantidade;26/06/2023;Cotações
Quantidade;27/06/2023;Cotações
Quantidade;28/06/2023;Cotações
Quantidade;29/06/2023;Cotações
Quantidade;30/06/2023;Cotações
Quantidade;03/07/2023;Cotações
Quantidade;04/07/2023;Cotações
Quantidade;05/07/2023;Cotações
Quantidade;06/07/2023;Cotações
Quantidade;07/07/2023;Cotações
Quantidade;10/07/2023;Cotações
Quantidade;11/07/2023;Cotações
Quantidade;12/07/2023;Cotações
Quantidade;13/07/2023;Cotações
Quantidade;14/07/2023;Cotações
Quantidade;17/07/2023;Cotações
Quantidade;18/07/2023;Cotações
Quantidade;19/07/2023;Cotações
Quantidade;20/07/2023;Cotações
Quantidade;21/07/2023;Cotações
Quantidade;24/07/2023;Cotações
Quantidade;25/07/2023;Cotações
Quantidade;26/07/2023;Cotações
Quantidade;27/07/2023;Cotações
Quantidade;28/07/2023;Cotações
Quantidade;31/07/2023;Cotações
Quantidade;01/08/2023;Cotações
Quantidade;02/08/2023;Cotações
Quantidade;03/08/2023;Cotações
Quantidade;04/08/2023;Cotações
Quantidade;07/08/2023;Cotações
Quantidade;08/08/2023;Cotações
Quantidade;09/08/2023;Cotações
Quantidade;10/08/2023;Cotações
Quantidade;11/08/2023;Cotações
Quantidade;14/08/2023;Cotações
Quantidade;15/08/2023;Cotações
Quantidade;16/08/2023;Cotações
Quantidade;17/08/2023;Cotações
Quantidade;18/08/2023;Cotações
Quantidade;21/08/2023;Cotações
Quantidade;22/08/2023;Cotações
Quantidade;23/08/2023;Cotações
Quantidade;24/08/2023;Cotações
Quantidade;25/08/2023;Cotações
Quantidade;28/08/2023;Cotações
Quantidade;29/08/2023;Cotações
Quantidade;30/08/2023;Cotações
Quantidade;31/08/2023;Cotações
Quantidade;01/09/2023;Cotações
Quantidade;04/09/2023;Cotações
Quantidade;05/09/2023;Cotações
Quantidade;06/09/2023;Cotações
Quantidade;08/09/2023;Cotações
Quantidade;11/09/2023;Cotações
Quantidade;12/09/2023;Cotações
Quantidade;13/09/2023;Cotações
Quantidade;14/09/2023;Cotações
Quantidade;15/09/2023;Cotações
Quantidade;18/09/2023;Cotações
Quantidade;19/09/2023;Cotações
Quantidade;20/09/2023;Cotações
Quantidade;21/09/2023;Cotações
Quantidade;22/09/2023;Cotações
Quantidade;25/09/2023;Cotações
Quantidade;26/09/2023;Cotações
Quantidade;27/09/2023;Cotações
Quantidade;28/09/2023;Cotações
Quantidade;29/09/2023;Cotações
Quantidade;02/10/2023;Cotações
Quantidade;03/10/2023;Cotações
Quantidade;04/10/2023;Cotações
Quantidade;05/10/2023;Cotações
Quantidade;06/10/2023;Cotações
Quantidade;09/10/2023;Cotações
Quantidade;10/10/2023;Cotações
Quantidade;11/10/2023;Cotações
Quantidade;13/10/2023;Cotações
Quantidade;16/10/2023;Cotações
Quantidade;17/10/2023;Cotações
Quantidade;18/10/2023;Cotações
Quantidade;19/10/2023;Cotações
Quantidade;20/10/2023;Cotações
Quantidade;23/10/2023;Cotações
Quantidade;24/10/2023;Cotações
Quantidade;25/10/2023;Cotações
Quantidade;26/10/2023;Cotações
Quantidade;27/10/2023;Cotações
Quantidade;30/10/2023;Cotações
Quantidade;31/10/2023;Cotações
Quantidade;01/11/2023;Cotações
Quantidade;03/11/2023;Cotações
Quantidade;06/11/2023;Cotações
Quantidade;07/11/2023;Cotações
Quantidade;08/11/2023;Cotações
Quantidade;09/11/2023;Cotações
Quantidade;10/11/2023;Cotações
Quantidade;13/11/2023;Cotações
Quantidade;14/11/2023;Cotações
Quantidade;16/11/2023;Cotações
Quantidade;17/11/2023;Cotações
Quantidade;20/11/2023;Cotações
Quantidade;21/11/2023;Cotações
Quantidade;22/11/2023;Cotações
Quantidade;23/11/2023;Cotações
Quantidade;24/11/2023;Cotações
Quantidade;27/11/2023;Cotações
Quantidade;28/11/2023;Cotações
Quantidade;29/11/2023;Cotações
Quantidade;30/11/2023;Cotações
Quantidade;01/12/2023;Cotações
Quantidade;04/12/2023;Cotações
Quantidade;05/12/2023;Cotações
Quantidade;06/12/2023;Cotações
Quantidade;07/12/2023;Cotações
Quantidade;08/12/2023;Cotações
Quantidade;11/12/2023;Cotações
Quantidade;12/12/2023;Cotações
Quantidade;13/12/2023;Cotações
Quantidade;14/12/2023;Cotações
Quantidade;15/12/2023;Cotações
Quantidade;18/12/2023;Cotações
Quantidade;19/12/2023;Cotações
Quantidade;20/12/2023;Cotações
Quantidade;21/12/2023;Cotações
Quantidade;22/12/2023;Cotações
Quantidade;26/12/2023;Cotações
Quantidade;27/12/2023;Cotações
Quantidade;28/12/2023;Cotações
Quantidade;02/01/2024;Cotações
Quantidade;03/01/2024;Cotações
Quantidade;04/01/2024;Cotações
Quantidade;05/01/2024;Cotações
Quantidade;08/01/2024;Cotações
Quantidade;09/01/2024;Cotações
Quantidade;10/01/2024;Cotações
Quantidade;11/01/2024;Cotações
Quantidade;12/01/2024;Cotações
Quantidade;15/01/2024;Cotações
Quantidade;16/01/2024;Cotações
Quantidade;17/01/2024;Cotações
Quantidade;18/01/2024;Cotações
Quantidade;19/01/2024;Cotações
Quantidade;22/01/2024;Cotações
Quantidade;23/01/2024;Cotações
Quantidade;24/01/2024;Cotações
Quantidade;25/01/2024;Cotações
Quantidade;26/01/2024;Cotações
Quantidade;29/01/2024;Cotações
Quantidade;30/01/2024;Cotações
Quantidade;31/01/2024;Cotações
Quantidade;01/02/2024;Cotações
Quantidade;02/02/2024;Cotações
Quantidade;05/02/2024;Cotações
Quantidade;06/02/2024;Cotações
Quantidade;07/02/2024;Cotações
Quantidade;08/02/2024;Cotações
Quantidade;09/02/2024;Cotações
Quantidade;14/02/2024;Cotações
Quantidade;15/02/2024;Cotações
Quantidade;16/02/2024;Cotações
Quantidade;19/02/2024;Cotações
Quantidade;20/02/2024;Cotações
Quantidade;21/02/2024;Cotações
Quantidade;22/02/2024;Cotações
Quantidade;23/02/2024;Cotações
Quantidade;26/02/2024;Cotações
Quantidade;27/02/2024;Cotações
Quantidade;28/02/2024;Cotações
Quantidade;29/02/2024;Cotações
Quantidade;01/03/2024;Cotações
Quantidade;04/03/2024;Cotações
Quantidade;05/03/2024;Cotações
Quantidade;06/03/2024;Cotações
Quantidade;07/03/2024;Cotações
Quantidade;08/03/2024;Cotações
Quantidade;11/03/2024;Cotações
Quantidade;12/03/2024;Cotações
Quantidade;13/03/2024;Cotações
Quantidade;14/03/2024;Cotações
Quantidade;15/03/2024;Cotações
Quantidade;18/03/2024;Cotações
Quantidade;19/03/2024;Cotações
Quantidade;20/03/2024;Cotações
Quantidade;21/03/2024;Cotações
Quantidade;22/03/2024;Cotações
Quantidade;25/03/2024;Cotações
Quantidade;26/03/2024;Cotações
Quantidade;27/03/2024;Cotações
Quantidade;28/03/2024;Cotações
Quantidade;01/04/2024;Cotações
Quantidade;02/04/2024;Cotações
Quantidade;03/04/2024;Cotações
Quantidade;04/04/2024;Cotações
Quantidade;05/04/2024;Cotações
Quantidade;08/04/2024;Cotações
Quantidade;09/04/2024;Cotações
Quantidade;10/04/2024;Cotações
Quantidade;11/04/2024;Cotações
Quantidade;12/04/2024;Cotações
Quantidade;15/04/2024;Cotações
Quantidade;16/04/2024;Cotações
Quantidade;17/04/2024;Cotações
Quantidade;18/04/2024;Cotações
Quantidade;19/04/2024;Cotações
Quantidade;22/04/2024;Cotações
Quantidade;23/04/2024;Cotações
Quantidade;24/04/2024;Cotações
Quantidade;25/04/2024;Cotações
Quantidade;26/04/2024;Cotações
Quantidade;29/04/2024;Cotações
Quantidade;30/04/2024;Cotações
Quantidade;02/05/2024;Cotações
Quantidade;03/05/2024;Cotações
Quantidade;06/05/2024;Cotações
Quantidade;07/05/2024;Cotações
Quantidade;08/05/2024;Cotações
Quantidade;09/05/2024;Cotações
Quantidade;10/05/2024;Cotações
Quantidade;13/05/2024;Cotações
Quantidade;14/05/2024;Cotações
Quantidade;15/05/2024;Cotações
Quantidade;16/05/2024;Cotações
Quantidade;17/05/2024;Cotações
Quantidade;20/05/2024;Cotações
Quantidade;21/05/2024;Cotações
Quantidade;22/05/2024;Cotações
Quantidade;23/05/2024;Cotações
Quantidade;24/05/2024;Cotações
Quantidade;27/05/2024;Cotações
Quantidade;28/05/2024;Cotações
Quantidade;29/05/2024;Cotações
Quantidade;31/05/2024;Cotações
Quantidade;03/06/2024;Cotações
Quantidade;04/06/2024;Cotações
Quantidade;05/06/2024;Cotações
Quantidade;06/06/2024;Cotações
Quantidade;07/06/2024;Cotações
Quantidade;10/06/2024;Cotações
Quantidade;11/06/2024;Cotações
Quantidade;12/06/2024;Cotações
Quantidade;13/06/2024;Cotações
Quantidade;14/06/2024;Cotações
Quantidade;17/06/2024;Cotações
Quantidade;18/06/2024;Cotações
Quantidade;19/06/2024;Cotações
Quantidade;20/06/2024;Cotações
Quantidade;21/06/2024;Cotações
Quantidade;24/06/2024;Cotações
Quantidade;25/06/2024;Cotações
Quantidade;26/06/2024;Cotações
Quantidade;27/06/2024;Cotações
Quantidade;28/06/2024;Cotações
Quantidade;01/07/2024;Cotações
Quantidade;02/07/2024;Cotações
Quantidade;03/07/2024;Cotações
Quantidade;04/07/2024;Cotações
Quantidade;05/07/2024;Cotações
Quantidade;08/07/2024;Cotações
Quantidade;09/07/2024;Cotações
Quantidade;10/07/2024;Cotações
Quantidade;11/07/2024;Cotações
Quantidade;12/07/2024;Cotações
Quantidade;15/07/2024;Cotações
Quantidade;16/07/2024;Cotações
Quantidade;17/07/2024;Cotações
Quantidade;18/07/2024;Cotações
Quantidade;19/07/2024;Cotações
Quantidade;22/07/2024;Cotações
Quantidade;23/07/2024;Cotações
Quantidade;24/07/2024;Cotações
Quantidade;25/07/2024;Cotações
Quantidade;26/07/2024;Cotações
Quantidade;29/07/2024;Cotações
Quantidade;30/07/2024;Cotações
Quantidade;31/07/2024;Cotações
Quantidade;01/08/2024;Cotações
Quantidade;02/08/2024;Cotações
Quantidade;05/08/2024;Cotações
Quantidade;06/08/2024;Cotações
Quantidade;07/08/2024;Cotações
Quantidade;08/08/2024;Cotações
Quantidade;09/08/2024;Cotações
Quantidade;12/08/2024;Cotações
Quantidade;13/08/2024;Cotações
Quantidade;14/08/2024;Cotações
Quantidade;15/08/2024;Cotações
Quantidade;16/08/2024;Cotações
Quantidade;19/08/2024;Cotações
Quantidade;20/08/2024;Cotações
Quantidade;21/08/2024;Cotações
Quantidade;22/08/2024;Cotações
Quantidade;23/08/2024;Cotações
Quantidade;26/08/2024;Cotações
Quantidade;27/08/2024;Cotações
Quantidade;28/08/2024;Cotações
Quantidade;29/08/2024;Cotações
Quantidade;30/08/2024;Cotações
Quantidade;02/09/2024;Cotações
Quantidade;03/09/2024;Cotações
Quantidade;04/09/2024;Cotações
Quantidade;05/09/2024;Cotações
Quantidade;06/09/2024;Cotações
Quantidade;09/09/2024;Cotações
Quantidade;10/09/2024;Cotações
Quantidade;11/09/2024;Cotações
Quantidade;12/09/2024;Cotações
Quantidade;13/09/2024;Cotações
Quantidade;16/09/2024;Cotações
Quantidade;17/09/2024;Cotações
Quantidade;18/09/2024;Cotações
Quantidade;19/09/2024;Cotações
Quantidade;20/09/2024;Cotações
Quantidade;23/09/2024;Cotações
Quantidade;24/09/2024;Cotações
Quantidade;25/09/2024;Cotações
Quantidade;26/09/2024;Cotações
Quantidade;27/09/2024;Cotações
Quantidade;30/09/2024;Cotações
Quantidade;01/10/2024;Cotações
Quantidade;02/10/2024;Cotações
Quantidade;03/10/2024;Cotações
Quantidade;04/10/2024;Cotações
Quantidade;07/10/2024;Cotações
Quantidade;08/10/2024;Cotações
Quantidade;09/10/2024;Cotações
Quantidade;10/10/2024;Cotações
Quantidade;11/10/2024;Cotações
Quantidade;14/10/2024;Cotações
Quantidade;15/10/2024;Cotações
Quantidade;16/10/2024;Cotações
Quantidade;17/10/2024;Cotações
Quantidade;18/10/2024;Cotações
Quantidade;21/10/2024;Cotações
Quantidade;22/10/2024;Cotações
Quantidade;23/10/2024;Cotações
Quantidade;24/10/2024;Cotações
Quantidade;25/10/2024;Cotações
Quantidade;28/10/2024;Cotações
Quantidade;29/10/2024;Cotações
Quantidade;30/10/2024;Cotações
Quantidade;31/10/2024;Cotações
Quantidade;01/11/2024;Cotações
Quantidade;04/11/2024;Cotações
Quantidade;05/11/2024;Cotações
Quantidade;06/11/2024;Cotações
Quantidade;07/11/2024;Cotações
Quantidade;08/11/2024;Cotações
Quantidade;11/11/2024;Cotações
Quantidade;12/11/2024;Cotações
Quantidade;13/11/2024;Cotações
Quantidade;14/11/2024;Cotações
Quantidade;18/11/2024;Cotações
Quantidade;19/11/2024;Cotações
Quantidade;21/11/2024;Cotações
Quantidade;22/11/2024;Cotações
Quantidade;25/11/2024;Cotações
Quantidade;26/11/2024;Cotações
Quantidade;27/11/2024;Cotações
Quantidade;28/11/2024;Cotações
Quantidade;29/11/2024;Cotações
Quantidade;02/12/2024;Cotações
Quantidade;03/12/2024;Cotações
Quantidade;04/12/2024;Cotações
Quantidade;05/12/2024;Cotações
Quantidade;06/12/2024;Cotações
Quantidade;09/12/2024;Cotações
Quantidade;10/12/2024;Cotações
Quantidade;11/12/2024;Cotações
Quantidade;12/12/2024;Cotações
Quantidade;13/12/2024;Cotações
Quantidade;16/12/2024;Cotações
Quantidade;17/12/2024;Cotações
Quantidade;18/12/2024;Cotações
Quantidade;19/12/2024;Cotações
Quantidade;20/12/2024;Cotações
Quantidade;23/12/2024;Cotações
Quantidade;26/12/2024;Cotações
Quantidade;27/12/2024;Cotações
Quantidade;30/12/2024;Cotações
Quantidade;02/01/2025;Cotações
Quantidade;03/01/2025;Cotações
Quantidade;06/01/2025;Cotações
Quantidade;07/01/2025;Cotações
Quantidade;08/01/2025;Cotações
Quantidade;09/01/2025;Cotações
Quantidade;10/01/2025;Cotações
Quantidade;13/01/2025;Cotações
Quantidade;14/01/2025;Cotações
Quantidade;15/01/2025;Cotações
Quantidade;16/01/2025;Cotações
Quantidade;17/01/2025;Cotações
Quantidade;20/01/2025;Cotações
Quantidade;21/01/2025;Cotações
Quantidade;22/01/2025;Cotações
Quantidade;23/01/2025;Cotações
Quantidade;24/01/2025;Cotações
Quantidade;27/01/2025;Cotações
Quantidade;28/01/2025;Cotações
Quantidade;29/01/2025;Cotações
Quantidade;30/01/2025;Cotações
Quantidade;31/01/2025;Cotações
Quantidade;03/02/2025;Cotações
Quantidade;04/02/2025;Cotações
Quantidade;05/02/2025;Cotações
Quantidade;06/02/2025;Cotações
Quantidade;07/02/2025;Cotações
Quantidade;10/02/2025;Cotações
Quantidade;11/02/2025;Cotações
Quantidade;12/02/2025;Cotações
Quantidade;13/02/2025;Cotações
Quantidade;14/02/2025;Cotações
Quantidade;17/02/2025;Cotações
Quantidade;18/02/2025;Cotações
Quantidade;19/02/2025;Cotações
Quantidade;20/02/2025;Cotações
Quantidade;21/02/2025;Cotações
Quantidade;24/02/2025;Cotações
Quantidade;25/02/2025;Cotações
Quantidade;26/02/2025;Cotações
Quantidade;27/02/2025;Cotações
Quantidade;28/02/2025;Cotações
Quantidade;05/03/2025;Cotações
Quantidade;06/03/2025;Cotações
Quantidade;07/03/2025;Cotações
Quantidade;10/03/2025;Cotações
Quantidade;11/03/2025;Cotações
Quantidade;12/03/2025;Cotações
Quantidade;13/03/2025;Cotações
Quantidade;14/03/2025;Cotações
Quantidade;17/03/2025;Cotações
Quantidade;18/03/2025;Cotações
Quantidade;19/03/2025;Cotações
Quantidade;20/03/2025;Cotações
Quantidade;21/03/2025;Cotações
Quantidade;24/03/2025;Cotações
Quantidade;25/03/2025;Cotações
Quantidade;26/03/2025;Cotações
Quantidade;27/03/2025;Cotações
Quantidade;28/03/2025;Cotações
Quantidade;31/03/2025;Cotações
Quantidade;01/04/2025;Cotações
Quantidade;02/04/2025;Cotações
Quantidade;03/04/2025;Cotações
Quantidade;04/04/2025;Cotações
Quantidade;07/04/2025;Cotações
Quantidade;08/04/2025;Cotações
Quantidade;09/04/2025;Cotações
Quantidade;10/04/2025;Cotações
Quantidade;11/04/2025;Cotações
Quantidade;14/04/2025;Cotações
Quantidade;15/04/2025;Cotações
Quantidade;16/04/2025;Cotações
Quantidade;17/04/2025;Cotações
Quantidade;22/04/2025;Cotações
Quantidade;23/04/2025;Cotações
Quantidade;24/04/2025;Cotações
Quantidade;25/04/2025;Cotações
Quantidade;28/04/2025;Cotações
Quantidade;29/04/2025;Cotações
Quantidade;30/04/2025;Cotações
Quantidade;02/05/2025;Cotações
Quantidade;05/05/2025;Cotações
Quantidade;06/05/2025;Cotações
Quantidade;07/05/2025;Cotações
Quantidade;08/05/2025;Cotações
Quantidade;09/05/2025;Cotações
Quantidade;12/05/2025;Cotações
Quantidade;13/05/2025;Cotações
Quantidade;14/05/2025;Cotações
Quantidade;15/05/2025;Cotações
Quantidade;16/05/2025;Cotações
Quantidade;19/05/2025;Cotações
Quantidade;20/05/2025;Cotações
Quantidade;21/05/2025;Cotações
Quantidade;22/05/2025;Cotações
Quantidade;23/05/2025;Cotações
Quantidade;26/05/2025;Cotações
Quantidade;27/05/2025;Cotações
Quantidade;28/05/2025;Cotações
Quantidade;29/05/2025;Cotações
Quantidade;30/05/2025;Cotações
Quantidade;02/06/2025;Cotações
Quantidade;03/06/2025;Cotações
Quantidade;04/06/2025;Cotações
Quantidade;05/06/2025;Cotações
Quantidade;06/06/2025;Cotações
Quantidade;09/06/2025;Cotações
Quantidade;10/06/2025;Cotações
Quantidade;11/06/2025;Cotações
Quantidade;12/06/2025;Cotações
Quantidade;13/06/2025;Cotações
Quantidade;16/06/2025;Cotações
Quantidade;17/06/2025;Cotações
Quantidade;18/06/2025;Cotações
Quantidade;20/06/2025;Cotações
Quantidade;23/06/2025;Cotações
Quantidade;24/06/2025;Cotações
Quantidade;25/06/2025;Cotações
Quantidade;26/06/2025;Cotações
Quantidade;27/06/2025;Cotações
Quantidade;30/06/2025;Cotações
Quantidade;01/07/2025;Cotações
Quantidade;02/07/2025;Cotações
Quantidade;03/07/2025;Cotações
Quantidade;04/07/2025;Cotações
Quantidade;07/07/2025;Cotações
Quantidade;08/07/2025;Cotações
Quantidade;09/07/2025;Cotações
Quantidade;10/07/2025;Cotações
Quantidade;11/07/2025;Cotações
Quantidade;14/07/2025;Cotações
Quantidade;15/07/2025;Cotações
Quantidade;16/07/2025;Cotações
Quantidade;17/07/2025;Cotações
Quantidade;18/07/2025;Cotações
Quantidade;21/07/2025;Cotações
Quantidade;22/07/2025;Cotações
Quantidade;23/07/2025;Cotações
Quantidade;24/07/2025;Cotações
Quantidade;25/07/2025;Cotações
Quantidade;28/07/2025;Cotações
Quantidade;29/07/2025;Cotações
Quantidade;30/07/2025;Cotações
Quantidade;31/07/2025;Cotações
Quantidade;01/08/2025;Cotações
Quantidade;04/08/2025;Cotações
Quantidade;05/08/2025;Cotações
Quantidade;06/08/2025;Cotações
Quantidade;07/08/2025;Cotações
Quantidade;08/08/2025;Cotações
Quantidade;11/08/2025;Cotações
Quantidade;12/08/2025;Cotações
Quantidade;13/08/2025;Cotações
Quantidade;14/08/2025;Cotações
Quantidade;15/08/2025;Cotações
Quantidade;18/08/2025;Cotações
Quantidade;19/08/2025;Cotações
Quantidade;20/08/2025;Cotações
Quantidade;21/08/2025;Cotações
Quantidade;22/08/2025;Cotações
Quantidade;25/08/2025;Cotações
Quantidade;26/08/2025;Cotações
Quantidade;27/08/2025;Cotações
Quantidade;28/08/2025;Cotações
Quantidade;29/08/2025;Cotações
Quantidade;01/09/2025;Cotações
Quantidade;02/09/2025;Cotações
Quantidade;03/09/2025;Cotações
Quantidade;04/09/2025;Cotações
Quantidade;05/09/2025;Cotações
Quantidade;08/09/2025;Cotações
Quantidade;09/09/2025;Cotações
Quantidade;10/09/2025;Cotações
Quantidade;11/09/2025;Cotações
Quantidade;12/09/2025;Cotações
Quantidade;15/09/2025;Cotações
Quantidade;16/09/2025;Cotações
Quantidade;17/09/2025;Cotações
Quantidade;18/09/2025;Cotações
Quantidade;19/09/2025;Cotações
Quantidade;22/09/2025;Cotações
Quantidade;23/09/2025;Cotações
Quantidade;24/09/2025;Cotações
Quantidade;25/09/2025;Cotações
Quantidade;26/09/2025;Cotações
Quantidade;29/09/2025;Cotações
Quantidade;30/09/2025;Cotações
Quantidade;01/10/2025;Cotações
Quantidade;02/10/2025;Cotações
Quantidade;03/10/2025;Cotações
Quantidade;06/10/2025;Cotações
Quantidade;07/10/2025;Cotações
Quantidade;08/10/2025;Cotações
Quantidade;09/10/2025;Cotações
Quantidade;10/10/2025;Cotações
Quantidade;13/10/2025;Cotações
Quantidade;14/10/2025;Cotações
Quantidade;15/10/2025;Cotações
Quantidade;16/10/2025;Cotações
Quantidade;17/10/2025;Cotações
Quantidade;20/10/2025;Cotações
Quantidade;21/10/2025;Cotações
Quantidade;22/10/2025;Cotações
Quantidade;23/10/2025;Cotações
Quantidade;24/10/2025;Cotações
Quantidade;27/10/2025;Cotações
Quantidade;28/10/2025;Cotações
Quantidade;29/10/2025;Cotações
Quantidade;30/10/2025;Cotações
Quantidade;31/10/2025;Cotações
Quantidade;03/11/2025;Cotações
Quantidade;04/11/2025;Cotações
Quantidade;05/11/2025;Cotações
Quantidade;06/11/2025;Cotações
Quantidade;07/11/2025;Cotações
Quantidade;10/11/2025;Cotações
Quantidade;11/11/2025;Cotações
Quantidade;12/11/2025;Cotações
Quantidade;13/11/2025;Cotações
Quantidade;14/11/2025;Cotações
Quantidade;17/11/2025;Cotações
Quantidade;18/11/2025;Cotações
Quantidade;19/11/2025;Cotações
Quantidade;21/11/2025;Cotações
Quantidade;24/11/2025;Cotações
Quantidade;25/11/2025;Cotações
Quantidade;26/11/2025;Cotações
Quantidade;27/11/2025;Cotações
Quantidade;28/11/2025;Cotações
Quantidade;01/12/2025;Cotações
Quantidade;02/12/2025;Cotações
Quantidade;03/12/2025;Cotações
Quantidade;04/12/2025;Cotações
Quantidade;05/12/2025;Cotações
Quantidade;08/12/2025;Cotações
Quantidade;09/12/2025;Cotações
Quantidade;10/12/2025;Cotações
Quantidade;11/12/2025;Cotações
Quantidade;12/12/2025;Cotações
Quantidade;15/12/2025;Cotações
Quantidade;16/12/2025;Cotações
Quantidade;17/12/2025;Cotações
Quantidade;18/12/2025;Cotações
Quantidade;19/12/2025;Cotações
Quantidade;22/12/2025;Cotações
Quantidade;23/12/2025;Cotações
Quantidade;26/12/2025;Cotações
Quantidade;29/12/2025;Cotações
Quantidade;30/12/2025;Cotações
Quantidade;02/01/2026;Cotações
Quantidade;05/01/2026;Cotações
Quantidade;06/01/2026;Cotações
Quantidade;07/01/2026;Cotações
Quantidade;08/01/2026;Cotações
Quantidade;09/01/2026;Cotações
Quantidade;12/01/2026;Cotações
Quantidade;13/01/2026;Cotações
Quantidade;14/01/2026;Cotações
Quantidade;15/01/2026;Cotações
Quantidade;16/01/2026;Cotações
Quantidade;19/01/2026;Cotações
Quantidade;20/01/2026;Cotações
Quantidade;21/01/2026;Cotações
Quantidade;22/01/2026;Cotações
Quantidade;23/01/2026;Cotações
Quantidade;26/01/2026;Cotações
Quantidade;27/01/2026;Cotações
Quantidade;28/01/2026;Cotações
Quantidade;29/01/2026;Cotações
Quantidade;30/01/2026;Cotações
Quantidade;02/02/2026;Cotações
Quantidade;03/02/2026;Cotações
Quantidade;04/02/2026;Cotações
Quantidade;05/02/2026;Cotações
Quantidade;06/02/2026;Cotações
Quantidade;09/02/2026;Cotações
Quantidade;10/02/2026;Cotações
Quantidade;11/02/2026;Cotações
Quantidade;12/02/2026;Cotações
Quantidade;13/02/2026;Cotações
Quantidade;18/02/2026;Cotações
Quantidade;19/02/2026;Cotações
Quantidade;20/02/2026;Cotações
Quantidade;23/02/2026;Cotações
Quantidade;24/02/2026;Cotações
Quantidade;25/02/2026;Cotações
Quantidade;26/02/2026;Cotações
Quantidade;27/02/2026;Cotações
Quantidade;02/03/2026;Cotações
Quantidade;03/03/2026;Cotações
Quantidade;04/03/2026;Cotações
Quantidade;05/03/2026;Cotações
Quantidade;06/03/2026;Cotações
Quantidade;09/03/2026;Cotações
Quantidade;10/03/2026;Cotações
Quantidade;11/03/2026;Cotações
Quantidade;12/03/2026;Cotações
Quantidade;13/03/2026;Cotações
Quantidade;16/03/2026;Cotações
Quantidade;17/03/2026;Cotações
Quantidade;18/03/2026;Cotações
Quantidade;19/03/2026;Cotações
Quantidade;20/03/2026;Cotações
Quantidade;23/03/2026;Cotações
Quantidade;24/03/2026;Cotações
Quantidade;25/03/2026;Cotações
Quantidade;26/03/2026;Cotações
Quantidade;27/03/2026;Cotações
Quantidade;30/03/2026;Cotações
Quantidade;31/03/2026;Cotações
Quantidade;01/04/2026;Cotações
Quantidade;02/04/2026;Cotações
Quantidade;06/04/2026;Cotações
Quantidade;07/04/2026;Cotações
Quantidade;08/04/2026;Cotações
Quantidade;09/04/2026;Cotações
Quantidade;10/04/2026;Cotações
Quantidade;13/04/2026;Cotações
Quantidade;14/04/2026;Cotações
Quantidade;15/04/2026;Cotações
Quantidade;16/04/2026;Cotações
Quantidade;17/04/2026;Cotações
Quantidade;20/04/2026;Cotações
Quantidade;22/04/2026;Cotações
Quantidade;23/04/2026;Cotações
Quantidade;24/04/2026;Cotações
Quantidade;27/04/2026;Cotações
Quantidade;28/04/2026;Cotações
Quantidade;29/04/2026;Cotações
Quantidade;30/04/2026;Cotações
Quantidade;04/05/2026;Cotações
Quantidade;05/05/2026;Cotações
Quantidade;06/05/2026;Cotações
Quantidade;07/05/2026;Cotações
Quantidade;08/05/2026;Cotações
Quantidade;11/05/2026;Cotações
Quantidade;12/05/2026;Cotações
Quantidade;13/05/2026;Cotações
Quantidade;14/05/2026;Cotações
Quantidade;15/05/2026;Cotações
Quantidade;18/05/2026;Cotações
Quantidade;19/05/2026;Cotações
Quantidade;20/05/2026;Cotações
Quantidade;21/05/2026;Cotações
Quantidade;22/05/2026;Cotações
Quantidade;25/05/2026;Cotações
Quantidade;26/05/2026;Cotações
Quantidade;27/05/2026;Cotações
Quantidade;28/05/2026;Cotações
Quantidade;29/05/2026;Cotações
Quantidade;01/06/2026;Cotações
Quantidade;02/06/2026;Cotações
Quantidade;03/06/2026;Cotações
Quantidade;05/06/2026;Cotações
Quantidade;08/06/2026;Cotações
Quantidade;09/06/2026;Cotações
Quantidade;10/06/2026;Cotações
Quantidade;11/06/2026;Cotações
Quantidade;12/06/2026;Cotações
Quantidade;15/06/2026;Cotações
Quantidade;16/06/2026;Cotações
Quantidade;17/06/2026;Cotações
Quantidade;18/06/2026;Cotações
Quantidade;19/06/2026;Cotações
Quantidade;22/06/2026;Cotações
Quantidade;23/06/2026;Cotações
Quantidade;24/06/2026;Cotações
Quantidade;25/06/2026;Cotações
Quantidade;26/06/2026;Cotações
Quantidade;29/06/2026;Cotações
Quantidade;30/06/2026;Cotações
Quantidade;01/07/2026;Cotações
Quantidade;02/07/2026;Cotações
Quantidade;03/07/2026;Cotações
Quantidade;06/07/2026;Cotações
Quantidade;07/07/2026;Cotações
Quantidade;08/07/2026;Cotações
Quantidade;09/07/2026;Cotações
Quantidade;10/07/2026;Cotações
Quantidade;13/07/2026;Cotações
Quantidade;14/07/2026;Cotações
Quantidade;15/07/2026;Cotações
Quantidade;16/07/2026;Cotações
Quantidade;17/07/2026;Cotações
Quantidade;20/07/2026;Cotações
Quantidade;21/07/2026;Cotações
Quantidade;22/07/2026;Cotações
Quantidade;23/07/2026;Cotações
Quantidade;24/07/2026;Cotações
Quantidade;27/07/2026;Cotações
Quantidade;28/07/2026;Cotações
Quantidade;29/07/2026;Cotações
Quantidade;30/07/2026;Cotações
Quantidade;31/07/2026;Cotações
Quantidade;03/08/2026;Cotações
Quantidade;04/08/2026;Cotações
Quantidade;05/08/2026;Cotações
Quantidade;06/08/2026;Cotações
Quantidade;07/08/2026;Cotações
Quantidade;10/08/2026;Cotações
Quantidade;11/08/2026;Cotações
Quantidade;12/08/2026;Cotações
Quantidade;13/08/2026;Cotações
Quantidade;14/08/2026;Cotações
Quantidade;17/08/2026;Cotações
Quantidade;18/08/2026;Cotações
Quantidade;19/08/2026;Cotações
Quantidade;20/08/2026;Cotações
Quantidade;21/08/2026;Cotações
Quantidade;24/08/2026;Cotações
Quantidade;25/08/2026;Cotações
Quantidade;26/08/2026;Cotações
Quantidade;27/08/2026;Cotações
Quantidade;28/08/2026;Cotações
Quantidade;31/08/2026;Cotações
Quantidade;01/09/2026;Cotações
Quantidade;02/09/2026;Cotações
Quantidade;03/09/2026;Cotações
Quantidade;04/09/2026;Cotações
Quantidade;08/09/2026;Cotações
Quantidade;09/09/2026;Cotações
Quantidade;10/09/2026;Cotações
Quantidade;11/09/2026;Cotações
Quantidade;14/09/2026;Cotações
Quantidade;15/09/2026;Cotações
Quantidade;16/09/2026;Cotações
Quantidade;17/09/2026;Cotações
Quantidade;18/09/2026;Cotações
Quantidade;21/09/2026;Cotações
Quantidade;22/09/2026;Cotações
Quantidade;23/09/2026;Cotações
Quantidade;24/09/2026;Cotações
Quantidade;25/09/2026;Cotações
